node	degree	onemodedegree	closeness	betweenness
adjustment-disorders	134	83	0.0204773150773995	344
affective-disorders-psychotic	125	83	0.0122032976984599	11
affective-symptoms	127	83	0.0153398317496502	78
aggression	183	83	0.0225536513855032	1452
alcohol-drinking	78	83	0.0121719014198734	49
alcohol-related-disorders	126	83	0.0135777499977679	13
alcoholism	138	83	0.0154553586740473	378
alzheimer-disease	156	83	0.0141346149569554	587
amnesia	77	83	0.0124842882897784	12
amphetamine-related-disorders	62	83	0.0135332332141836	6
anorexia-nervosa	67	83	0.0139517401341423	205
anxiety-disorders	102	83	0.0107801521761956	0
asperger-syndrome	73	83	0.0171413407539409	354
attention-deficit-and-disruptive-behavior-disorders	127	83	0.0133930161320571	1
attention-deficit-disorder-with-hyperactivity	128	83	0.01359852675063	25
autistic-disorder	110	83	0.0142647989143148	149
behavioral-symptoms	119	83	0.0101967091757865	0
binge-eating-disorder	82	83	0.0139723120275801	291
bipolar-disorder	140	83	0.0146784913636171	125
borderline-personality-disorder	39	83	0.0151325194140314	91
child-behavior-disorders	96	83	0.0115679547305027	0
cocaine-related-disorders	122	83	0.0137831902454375	150
cognition-disorders	129	83	0.0114015057540439	0
combat-disorders	81	83	0.0114833597296406	6
communication-disorders	65	83	0.00661263462717033	0
compulsive-behavior	119	83	0.0124165891895732	214
conduct-disorder	106	83	0.00909599467421942	0
consciousness-disorders	75	83	0.0128550698288074	2
conversion-disorder	136	83	0.0145240607901064	179
delirium	133	83	0.0118345838289159	0
dementia	135	83	0.0118307656423073	0
depression	118	83	0.0112067373771905	0
depressive-disorder	118	83	0.0112500336248527	30
developmental-disabilities	97	83	0.0138143328273907	0
disorders-of-excessive-somnolence	141	83	0.0212495478692828	468
disorders-of-sex-development	72	83	0.0145011010507566	92
dissociative-disorders	82	83	0.014137782379411	36
drinking-behavior	75	83	0.0117511991899752	9
dyssomnias	122	83	0.0165503204631062	0
dysthymic-disorder	82	83	0.0149394149792131	102
eating-disorders	87	83	0.0123826466761806	90
erectile-dysfunction	118	83	0.00952809329410496	10
food-habits	50	83	0.00789231070688083	0
frontotemporal-dementia	132	83	0.0134805572188466	68
frontotemporal-lobar-degeneration	112	83	0.0136838408979968	96
gambling	77	83	0.0127887355305423	103
habits	90	83	0.00878129833030837	0
heroin-dependence	97	83	0.0156144279306419	85
impulse-control-disorders	84	83	0.0119876438556498	39
impulsive-behavior	116	83	0.0123321780525336	12
learning-disorders	46	83	0.0051698030051631	0
marijuana-abuse	113	83	0.0143086458584266	160
mental-disorders	113	83	0.00933653821720918	0
mental-disorders-diagnosed-in-childhood	126	83	0.0125803962719998	4
mental-fatigue	120	83	0.0187229241279154	267
mental-retardation	86	83	0.0116128491027174	62
mood-disorders	124	83	0.0120702640885191	0
neurocirculatory-asthenia	128	83	0.0158937943483107	172
obsessive-behavior	70	83	0.0163362809491462	93
obsessive-compulsive-disorder	123	83	0.0161895447849472	354
opioid-related-disorders	97	83	0.0140998078698229	5
panic-disorder	102	83	0.0154485542225629	106
parasomnias	119	83	0.0163665852438734	0
personality-disorders	101	83	0.0138240517452978	36
phobic-disorders	81	83	0.0171637101764491	214
pick-disease-of-the-brain	141	83	0.0132082153916331	84
psychotic-disorders	117	83	0.00965557504459905	0
quality-of-life	70	83	0.012618820566432	69
restless-legs-syndrome	119	83	0.0189435123225779	398
schizophrenia	109	83	0.0138485804954642	0
schizophrenia-and-disorders-with-psychotic-features	111	83	0.0138651545835798	2
self-injurious-behavior	68	83	0.00909456493034448	3
sleep-deprivation	72	83	0.0109395242125705	15
sleep-disorders	120	83	0.0155372247187129	0
sleep-initiation-and-maintenance-disorders	139	83	0.0163762588579742	175
smoking	102	83	0.00951467963639326	0
somatoform-disorders	97	83	0.00872267421216923	8
substance-related-disorders	121	83	0.0109528254375508	0
substance-withdrawal-syndrome	121	83	0.0157069037426182	523
suicidal-ideation	43	83	0.00874553083413811	0
suicide	66	83	0.0112048499958012	85
tic-disorders	140	83	0.0171510142797354	489
tobacco-use-disorder	127	83	0.0105669039552747	44
tourette-syndrome	114	83	0.0170171921975746	38
