node	degree	onemodedegree	closeness	betweenness
adjustment-disorders	17	36	0.0135047590928182	72
alcohol-related-disorders	174	36	0.0352594782577527	536
alcoholism	66	36	0.0342696247965526	225
alzheimer-disease	122	37	0.031142094005094	173
anorexia-nervosa	71	37	0.026531056016628	36
asperger-syndrome	42	36	0.0175252028784289	60
attention-deficit-disorder-with-hyperactivity	108	37	0.031953989768821	102
autistic-disorder	74	36	0.0265697617434997	54
binge-eating-disorder	9	15	0.0197646385074768	0
bipolar-disorder	42	37	0.0207825875987936	0
borderline-personality-disorder	8	33	0.00712464394233827	0
child-behavior-disorders	31	36	0.011087706704554	0
cocaine-related-disorders	65	36	0.02479143353142	42
conduct-disorder	23	36	0.0110077564681991	0
conversion-disorder	12	34	0.0102660839842784	0
delirium	167	36	0.0335017496881621	311
dementia	174	36	0.0320933484700224	148
depression	104	37	0.0268238377641298	292
developmental-disabilities	180	36	0.0322569636991676	226
frontotemporal-dementia	102	36	0.0308167718652153	0
gambling	33	37	0.0171141804999089	0
marijuana-abuse	41	36	0.0232203798616598	0
mental-fatigue	81	37	0.0310647976383315	64
obsessive-compulsive-disorder	21	37	0.0141439992888182	0
opioid-related-disorders	26	36	0.0156305956862376	0
panic-disorder	71	37	0.0219996422765515	8
personality-disorders	18	37	0.0119379326455966	0
pick-disease-of-the-brain	73	36	0.0280898079376522	0
restless-legs-syndrome	56	36	0.0287047591926801	38
schizophrenia	44	35	0.0151636561424369	2
schizophrenia-and-disorders-with-psychotic-features	33	35	0.0142450953047306	0
sleep-deprivation	152	36	0.0319417089650811	79
sleep-disorders	126	36	0.0317427934814414	0
somatoform-disorders	52	37	0.0162269053658754	0
suicide	36	37	0.0196600232796511	71
tic-disorders	38	37	0.0185858356156437	34
tobacco-use-disorder	49	35	0.0278667126595963	3
tourette-syndrome	24	36	0.0138167165906701	1
