0.13278
0.12863
0.09959
0.09959
0.09959
0.09544
0.09129
0.08714
0.08299
0.08299
0.07884
0.07469
0.07469
0.07054
0.07054
0.07054
0.05809
0.05809
0.05809
0.05809
0.05809
0.05394
0.05394
0.04979
0.04979
0.04979
0.04979
0.04564
0.04564
0.04564
0.04564
0.04564
0.04564
0.04149
0.04149
0.04149
0.04149
0.04149
0.03734
0.03734
0.03734
0.03734
0.03734
0.03734
0.03734
0.03734
0.03734
0.03734
0.03320
0.03320
0.03320
0.03320
0.03320
0.03320
0.03320
0.03320
0.03320
0.02905
0.02905
0.02905
0.02905
0.02905
0.02905
0.02905
0.02905
0.02905
0.02905
0.02490
0.02490
0.02490
0.02490
0.02490
0.02490
0.02075
0.02075
0.02075
0.02075
0.02075
0.02075
0.02075
0.02075
0.01660
0.01660
0.01660
0.01660
0.01660
0.01660
0.01660
0.01660
0.01660
0.01660
0.01660
0.01660
0.01660
0.01660
0.01660
0.01660
0.01245
0.01245
0.01245
0.01245
0.01245
0.01245
0.01245
0.01245
0.01245
0.01245
0.01245
0.01245
0.01245
0.01245
0.01245
0.00830
0.00830
0.00830
0.00830
0.00830
0.00830
0.00830
0.00830
0.00830
0.00415
0.00415
0.00415
0.00415
0.00415
0.00415
0.00415
0.00415
0.00415
0.00415
0.00415
0.00415
0.36100
0.26702
0.13168
0.12352
0.11958
0.11733
0.11564
0.08441
0.07259
0.06415
0.06162
0.05824
0.05656
0.05543
0.05290
0.05205
0.05177
0.04952
0.04671
0.04474
0.04361
0.04305
0.04192
0.04108
0.03967
0.03883
0.03883
0.03686
0.03545
0.03123
0.03095
0.03039
0.03039
0.03039
0.03039
0.02983
0.02983
0.02926
0.02898
0.02870
0.02870
0.02757
0.02701
0.02673
0.02617
0.02392
0.02392
0.02307
0.02307
0.02167
0.01941
0.01941
0.01913
0.01885
0.01801
0.01745
0.01716
0.01688
0.01660
0.01632
0.01604
0.01548
0.01491
0.01379
0.01379
0.01379
0.01322
0.01238
0.01238
0.01182
0.01125
0.01041
0.01041
0.01013
0.00985
0.00900
0.00844
0.00844
0.00816
0.00788
0.00760
0.00732
0.00732
0.00703
0.00675
0.00619
0.00619
0.00619
0.00506
0.00506
0.00506
0.00506
0.00478
0.00450
0.00394
0.00394
0.00394
0.00394
0.00394
0.00366
0.00366
0.00366
0.00338
0.00338
0.00310
0.00310
0.00310
0.00281
0.00281
0.00253
0.00253
0.00253
0.00253
0.00225
0.00169
0.00169
0.00169
0.00169
0.00141
0.00113
0.00084
0.00056
0.00028
0.00028
0.44250
0.40250
0.22000
0.16000
0.15750
0.15000
0.13000
0.13000
0.11750
0.11000
0.10750
0.10000
0.09500
0.09500
0.08750
0.08000
0.08000
0.08000
0.07750
0.07750
0.07750
0.07250
0.06250
0.06250
0.06000
0.05750
0.05500
0.05250
0.05000
0.04750
0.04250
0.03750
0.03500
0.03500
0.03500
0.03500
0.03250
0.03250
0.03250
0.03000
0.03000
0.03000
0.03000
0.03000
0.02750
0.02750
0.02500
0.02500
0.02500
0.02500
0.02500
0.02500
0.02500
0.02250
0.02250
0.02250
0.02250
0.02000
0.02000
0.02000
0.02000
0.02000
0.02000
0.01750
0.01750
0.01750
0.01750
0.01750
0.01750
0.01750
0.01500
0.01500
0.01500
0.01500
0.01500
0.01500
0.01500
0.01250
0.01250
0.01250
0.01250
0.01250
0.01250
0.01250
0.01250
0.01000
0.01000
0.01000
0.01000
0.01000
0.01000
0.01000
0.00750
0.00750
0.00750
0.00750
0.00750
0.00750
0.00750
0.00750
0.00750
0.00750
0.00500
0.00500
0.00500
0.00500
0.00500
0.00500
0.00500
0.00500
0.00500
0.00250
0.00250
0.00250
0.00250
0.00250
0.00250
0.00250
0.00250
0.00250
0.00250
0.00250
0.00250
0.00250
0.00250
0.00250
0.28457
0.26330
0.23404
0.21543
0.20213
0.19947
0.18883
0.17021
0.16755
0.16755
0.16489
0.16489
0.15957
0.15691
0.15691
0.15426
0.15160
0.14628
0.14096
0.13830
0.13564
0.13298
0.13298
0.13298
0.13298
0.13032
0.10904
0.10372
0.10106
0.10106
0.09309
0.09043
0.09043
0.09043
0.08777
0.08777
0.08777
0.08511
0.08511
0.08245
0.08245
0.07979
0.07447
0.07447
0.07447
0.07447
0.07181
0.07181
0.06915
0.06915
0.06649
0.06649
0.06649
0.06649
0.06383
0.06383
0.06117
0.06117
0.05851
0.05851
0.05851
0.05585
0.05585
0.05585
0.05585
0.05319
0.05319
0.05319
0.05319
0.05319
0.05053
0.05053
0.05053
0.05053
0.05053
0.04787
0.04521
0.04521
0.04521
0.04521
0.04255
0.04255
0.04255
0.03989
0.03989
0.03989
0.03989
0.03989
0.03989
0.03989
0.03989
0.03989
0.03723
0.03723
0.03723
0.03723
0.03723
0.03723
0.03723
0.03723
0.03723
0.03723
0.03723
0.03457
0.03457
0.03457
0.03457
0.03191
0.03191
0.03191
0.03191
0.03191
0.03191
0.03191
0.03191
0.03191
0.02926
0.02926
0.02926
0.02926
0.02926
0.02926
0.02660
0.02660
0.02660
0.02660
0.02660
0.02660
0.02660
0.02394
0.02394
0.02394
0.02394
0.02394
0.02394
0.02394
0.02128
0.02128
0.02128
0.02128
0.02128
0.02128
0.02128
0.02128
0.01862
0.01862
0.01862
0.01862
0.01862
0.01862
0.01862
0.01596
0.01596
0.01596
0.01596
0.01596
0.01596
0.01596
0.01596
0.01596
0.01596
0.01596
0.01330
0.01330
0.01330
0.01330
0.01330
0.01330
0.01064
0.01064
0.01064
0.00798
0.00798
0.00798
0.00798
0.00798
0.00798
0.00798
0.00798
0.00798
0.00532
0.00532
0.27164
0.17910
0.17612
0.15522
0.10448
0.09552
0.08955
0.08955
0.08358
0.07164
0.05672
0.05672
0.05373
0.05075
0.05075
0.04776
0.04776
0.04478
0.04179
0.04179
0.04179
0.03881
0.03881
0.03881
0.03582
0.03284
0.03284
0.03284
0.03284
0.03284
0.03284
0.02985
0.02985
0.02687
0.02687
0.02687
0.02388
0.02388
0.02388
0.01791
0.01791
0.01791
0.01791
0.01194
0.01194
0.01194
0.01194
0.01194
0.01194
0.01194
0.00896
0.00896
0.00896
0.00896
0.00896
0.00896
0.00597
0.00597
0.00597
0.00597
0.00597
0.00597
0.00299
0.00299
0.00299
0.00299
0.00299
0.00299
0.00299
0.00299
0.00299
0.00299
0.00299
0.00299
0.00299
0.00299
0.00299
0.38286
0.31143
0.21857
0.14571
0.13571
0.10143
0.09571
0.09429
0.09286
0.07286
0.07286
0.06714
0.05714
0.05571
0.05571
0.05143
0.05000
0.04857
0.04857
0.04571
0.04000
0.04000
0.03857
0.03857
0.03714
0.03429
0.03429
0.03286
0.03286
0.03000
0.03000
0.03000
0.03000
0.02857
0.02714
0.02571
0.02571
0.02571
0.02429
0.02429
0.02429
0.02286
0.02286
0.02143
0.02143
0.02143
0.02143
0.02000
0.02000
0.02000
0.02000
0.02000
0.02000
0.02000
0.01857
0.01857
0.01857
0.01857
0.01714
0.01714
0.01714
0.01714
0.01571
0.01571
0.01571
0.01429
0.01429
0.01429
0.01429
0.01429
0.01286
0.01286
0.01143
0.01143
0.01143
0.01000
0.01000
0.01000
0.01000
0.00857
0.00857
0.00857
0.00857
0.00857
0.00857
0.00714
0.00714
0.00714
0.00714
0.00571
0.00571
0.00571
0.00571
0.00571
0.00571
0.00429
0.00429
0.00429
0.00429
0.00429
0.00429
0.00286
0.00286
0.00286
0.00286
0.00286
0.00286
0.00286
0.00286
0.00286
0.00286
0.00143
0.00143
0.00143
0.00143
0.00143
0.00143
0.00143
0.00143
0.00143
0.00143
0.00143
0.00143
0.00143
0.00143
0.50851
0.37996
0.23819
0.17202
0.15312
0.12665
0.12098
0.09452
0.09263
0.08507
0.08318
0.07750
0.07561
0.07561
0.06994
0.06616
0.06427
0.06238
0.04726
0.04348
0.04159
0.04159
0.04159
0.03970
0.03970
0.03970
0.03592
0.03592
0.03592
0.03403
0.03214
0.03214
0.03214
0.03214
0.03025
0.03025
0.03025
0.02836
0.02836
0.02836
0.02836
0.02836
0.02647
0.02647
0.02457
0.02457
0.02457
0.02457
0.02268
0.02268
0.02268
0.02268
0.02268
0.02079
0.02079
0.02079
0.02079
0.01890
0.01890
0.01890
0.01890
0.01890
0.01890
0.01701
0.01701
0.01701
0.01701
0.01701
0.01701
0.01701
0.01512
0.01512
0.01512
0.01323
0.01323
0.01323
0.01134
0.01134
0.01134
0.01134
0.01134
0.01134
0.01134
0.00945
0.00945
0.00945
0.00945
0.00945
0.00945
0.00756
0.00756
0.00756
0.00756
0.00756
0.00756
0.00567
0.00567
0.00567
0.00567
0.00567
0.00567
0.00567
0.00378
0.00378
0.00378
0.00378
0.00378
0.00378
0.00378
0.00378
0.00378
0.00378
0.00378
0.00378
0.00378
0.00378
0.00378
0.00189
0.00189
0.00189
0.00189
0.00189
0.00189
0.00189
0.00189
0.00189
0.00189
0.00189
0.00189
0.00189
0.00189
0.00189
0.00189
0.00189
0.00189
0.00189
0.00189
0.32046
0.24671
0.15891
0.15364
0.13960
0.13257
0.12906
0.10799
0.10272
0.09833
0.09570
0.09482
0.08428
0.08428
0.08341
0.07726
0.07463
0.07287
0.07287
0.06936
0.06848
0.06760
0.06760
0.06673
0.06321
0.06146
0.05970
0.05970
0.05707
0.05356
0.05180
0.04917
0.04829
0.04653
0.04565
0.04565
0.04478
0.04039
0.03863
0.03775
0.03600
0.03600
0.03600
0.03424
0.03424
0.03248
0.03248
0.03161
0.03073
0.02897
0.02809
0.02809
0.02634
0.02634
0.02546
0.02371
0.02371
0.02283
0.02283
0.02283
0.02195
0.02195
0.02195
0.02195
0.02107
0.02019
0.02019
0.02019
0.02019
0.01932
0.01932
0.01844
0.01756
0.01580
0.01580
0.01493
0.01493
0.01405
0.01405
0.01317
0.01317
0.01141
0.01054
0.01054
0.01054
0.01054
0.01054
0.00966
0.00966
0.00966
0.00966
0.00966
0.00966
0.00966
0.00966
0.00878
0.00878
0.00878
0.00790
0.00790
0.00702
0.00702
0.00702
0.00702
0.00615
0.00615
0.00615
0.00615
0.00615
0.00527
0.00527
0.00527
0.00527
0.00527
0.00527
0.00527
0.00527
0.00527
0.00527
0.00439
0.00439
0.00439
0.00439
0.00439
0.00439
0.00439
0.00439
0.00439
0.00439
0.00439
0.00351
0.00351
0.00351
0.00351
0.00351
0.00351
0.00351
0.00351
0.00351
0.00351
0.00263
0.00263
0.00263
0.00263
0.00176
0.00176
0.00176
0.00176
0.00176
0.00176
0.00176
0.00176
0.00088
0.00088
0.00088
0.26471
0.26471
0.14706
0.13235
0.10294
0.08824
0.08824
0.08824
0.08824
0.07353
0.07353
0.07353
0.07353
0.07353
0.07353
0.07353
0.07353
0.07353
0.05882
0.05882
0.05882
0.05882
0.05882
0.05882
0.05882
0.04412
0.04412
0.04412
0.04412
0.04412
0.04412
0.04412
0.04412
0.02941
0.02941
0.02941
0.02941
0.02941
0.02941
0.02941
0.02941
0.02941
0.02941
0.02941
0.02941
0.02941
0.02941
0.01471
0.01471
0.01471
0.01471
0.01471
0.01471
0.01471
0.01471
0.01471
0.01471
0.01471
0.01471
0.01471
0.01471
0.01471
0.01471
0.01471
0.01471
0.01471
0.01471
0.01471
0.01471
0.01471
0.01471
0.01471
0.01471
0.01471
0.01471
0.01471
0.26000
0.26000
0.22000
0.20000
0.20000
0.20000
0.20000
0.18000
0.18000
0.18000
0.14000
0.14000
0.12000
0.12000
0.12000
0.12000
0.12000
0.10000
0.10000
0.10000
0.08000
0.08000
0.08000
0.06000
0.06000
0.06000
0.04000
0.04000
0.04000
0.04000
0.04000
0.04000
0.04000
0.04000
0.04000
0.04000
0.04000
0.04000
0.04000
0.04000
0.04000
0.04000
0.04000
0.04000
0.02000
0.02000
0.02000
0.02000
0.02000
0.02000
0.02000
0.02000
0.02000
0.02000
0.02000
0.02000
0.02000
0.02000
0.02000
0.02000
0.02000
0.43878
0.29592
0.20408
0.19388
0.17347
0.16327
0.14286
0.10204
0.09184
0.09184
0.08163
0.06122
0.06122
0.04082
0.04082
0.04082
0.04082
0.03061
0.03061
0.03061
0.03061
0.02041
0.02041
0.02041
0.02041
0.02041
0.02041
0.02041
0.02041
0.02041
0.02041
0.02041
0.02041
0.02041
0.02041
0.02041
0.02041
0.02041
0.02041
0.01020
0.01020
0.01020
0.01020
0.01020
0.01020
0.01020
0.01020
0.01020
0.01020
0.01020
0.01020
0.01020
0.01020
0.01020
0.01020
0.01020
0.01020
0.01020
0.01020
0.01020
0.01020
0.01020
0.01020
0.01020
0.01020
0.01020
0.24842
0.23238
0.11473
0.10015
0.08313
0.07924
0.07098
0.06709
0.06417
0.05688
0.05639
0.05250
0.05153
0.05007
0.04959
0.04618
0.04570
0.04327
0.04278
0.04181
0.04181
0.03986
0.03889
0.03743
0.03597
0.03549
0.03209
0.03014
0.02965
0.02868
0.02820
0.02771
0.02674
0.02625
0.02577
0.02236
0.02188
0.02139
0.02042
0.01993
0.01945
0.01847
0.01847
0.01847
0.01847
0.01799
0.01653
0.01604
0.01556
0.01556
0.01507
0.01507
0.01361
0.01361
0.01313
0.01167
0.01167
0.01070
0.00972
0.00972
0.00924
0.00875
0.00826
0.00826
0.00778
0.00778
0.00778
0.00729
0.00729
0.00729
0.00729
0.00681
0.00632
0.00632
0.00583
0.00583
0.00583
0.00583
0.00535
0.00486
0.00486
0.00438
0.00438
0.00438
0.00438
0.00389
0.00389
0.00389
0.00389
0.00340
0.00292
0.00243
0.00194
0.00194
0.00097
0.00049
0.00049
0.00049
0.00049
0.00049
0.00049
0.51724
0.46552
0.41379
0.32759
0.31034
0.20690
0.17241
0.13793
0.12069
0.12069
0.12069
0.12069
0.10345
0.10345
0.10345
0.10345
0.10345
0.08621
0.08621
0.06897
0.06897
0.06897
0.06897
0.06897
0.06897
0.06897
0.06897
0.06897
0.05172
0.05172
0.05172
0.05172
0.05172
0.05172
0.05172
0.03448
0.03448
0.03448
0.03448
0.03448
0.03448
0.03448
0.03448
0.03448
0.03448
0.03448
0.03448
0.03448
0.01724
0.01724
0.01724
0.01724
0.01724
0.01724
0.01724
0.01724
0.01724
0.01724
0.01724
0.01724
0.01724
0.01724
0.01724
0.01724
0.01724
0.01724
0.01724
0.01724
0.01724
0.01724
0.01724
0.01724
0.50923
0.16308
0.12462
0.11231
0.10615
0.10154
0.09385
0.08000
0.07692
0.06462
0.06000
0.05692
0.05385
0.05231
0.05077
0.04769
0.04615
0.04615
0.04154
0.04154
0.04154
0.04154
0.03692
0.03692
0.03538
0.03538
0.03538
0.03385
0.03385
0.03385
0.03231
0.03077
0.03077
0.03077
0.02769
0.02615
0.02615
0.02615
0.02462
0.02462
0.02308
0.02308
0.02154
0.02154
0.02154
0.02154
0.02154
0.02154
0.02000
0.02000
0.02000
0.01846
0.01692
0.01538
0.01538
0.01538
0.01385
0.01385
0.01231
0.01231
0.01231
0.01231
0.01231
0.01231
0.01231
0.01231
0.01077
0.01077
0.01077
0.01077
0.01077
0.01077
0.00923
0.00923
0.00923
0.00923
0.00923
0.00923
0.00769
0.00769
0.00769
0.00769
0.00615
0.00615
0.00615
0.00615
0.00615
0.00462
0.00462
0.00462
0.00462
0.00462
0.00462
0.00462
0.00462
0.00462
0.00462
0.00462
0.00462
0.00462
0.00308
0.00308
0.00308
0.00308
0.00308
0.00308
0.00308
0.00308
0.00308
0.00154
0.00154
0.00154
0.00154
0.00154
0.00154
0.00154
0.00154
0.00154
0.00154
0.00154
0.00154
0.00154
0.00154
0.00154
0.00154
0.00154
0.51994
0.17225
0.12600
0.11324
0.10845
0.10367
0.09569
0.08134
0.07974
0.06699
0.06220
0.05742
0.05423
0.05423
0.05104
0.04625
0.04625
0.04625
0.04306
0.04147
0.03987
0.03828
0.03668
0.03668
0.03668
0.03668
0.03509
0.03509
0.03349
0.03190
0.03190
0.03030
0.03030
0.03030
0.02711
0.02711
0.02552
0.02552
0.02392
0.02392
0.02233
0.02233
0.02233
0.02233
0.02233
0.02233
0.02233
0.02073
0.02073
0.02073
0.01754
0.01754
0.01595
0.01595
0.01435
0.01435
0.01276
0.01276
0.01276
0.01276
0.01276
0.01276
0.01276
0.01116
0.01116
0.01116
0.01116
0.01116
0.01116
0.01116
0.01116
0.01116
0.00957
0.00957
0.00957
0.00797
0.00797
0.00797
0.00797
0.00797
0.00797
0.00638
0.00638
0.00638
0.00638
0.00478
0.00478
0.00478
0.00478
0.00478
0.00478
0.00478
0.00478
0.00478
0.00478
0.00478
0.00478
0.00319
0.00319
0.00319
0.00319
0.00319
0.00319
0.00319
0.00319
0.00319
0.00319
0.00319
0.00319
0.00159
0.00159
0.00159
0.00159
0.00159
0.00159
0.00159
0.00159
0.00159
0.00159
0.00159
0.00159
0.00159
0.00159
0.00159
0.00159
0.00159
0.00159
0.41975
0.35556
0.22222
0.15802
0.13827
0.12840
0.09877
0.08642
0.08148
0.05679
0.05679
0.05185
0.05185
0.04938
0.04938
0.04691
0.04444
0.04198
0.03951
0.03704
0.03704
0.03457
0.03210
0.03210
0.03210
0.02963
0.02963
0.02963
0.02963
0.02963
0.02963
0.02963
0.02716
0.02716
0.02716
0.02469
0.02469
0.02469
0.02469
0.02469
0.02469
0.02222
0.02222
0.02222
0.02222
0.01975
0.01975
0.01975
0.01975
0.01728
0.01728
0.01728
0.01728
0.01728
0.01728
0.01728
0.01728
0.01481
0.01481
0.01481
0.01481
0.01481
0.01235
0.01235
0.01235
0.00988
0.00988
0.00988
0.00988
0.00988
0.00988
0.00988
0.00988
0.00988
0.00741
0.00741
0.00741
0.00741
0.00741
0.00741
0.00741
0.00494
0.00494
0.00494
0.00494
0.00494
0.00494
0.00494
0.00494
0.00494
0.00494
0.00494
0.00494
0.00494
0.00494
0.00494
0.00494
0.00494
0.00247
0.00247
0.00247
0.00247
0.00247
0.00247
0.00247
0.00247
0.00247
0.00247
0.00247
0.28933
0.20572
0.10341
0.10253
0.09197
0.08999
0.08713
0.07327
0.06601
0.06095
0.05611
0.05347
0.04884
0.04862
0.04488
0.04356
0.04246
0.04070
0.03872
0.03806
0.03762
0.03388
0.03344
0.03256
0.03212
0.03168
0.02860
0.02772
0.02684
0.02618
0.02618
0.02530
0.02398
0.02398
0.02332
0.02288
0.02266
0.02222
0.02200
0.02178
0.02068
0.01980
0.01892
0.01870
0.01804
0.01804
0.01782
0.01716
0.01650
0.01628
0.01496
0.01408
0.01408
0.01386
0.01342
0.01298
0.01276
0.01254
0.01232
0.01210
0.01210
0.01166
0.01144
0.01100
0.01100
0.01034
0.00968
0.00968
0.00968
0.00792
0.00792
0.00770
0.00770
0.00726
0.00704
0.00682
0.00660
0.00638
0.00638
0.00616
0.00572
0.00572
0.00550
0.00528
0.00506
0.00506
0.00484
0.00484
0.00462
0.00440
0.00440
0.00418
0.00396
0.00396
0.00396
0.00374
0.00374
0.00374
0.00352
0.00352
0.00330
0.00330
0.00308
0.00286
0.00286
0.00286
0.00286
0.00264
0.00242
0.00220
0.00176
0.00154
0.00154
0.00110
0.00110
0.00110
0.00088
0.00044
0.40164
0.37705
0.35246
0.32787
0.19672
0.13934
0.12295
0.08197
0.08197
0.08197
0.07377
0.07377
0.06557
0.06557
0.06557
0.05738
0.05738
0.04918
0.04918
0.04918
0.04918
0.04098
0.04098
0.04098
0.04098
0.04098
0.03279
0.03279
0.03279
0.03279
0.03279
0.03279
0.03279
0.03279
0.02459
0.02459
0.02459
0.02459
0.02459
0.02459
0.02459
0.02459
0.02459
0.02459
0.01639
0.01639
0.01639
0.01639
0.01639
0.01639
0.01639
0.01639
0.01639
0.01639
0.01639
0.01639
0.01639
0.01639
0.01639
0.01639
0.00820
0.00820
0.00820
0.00820
0.00820
0.00820
0.00820
0.00820
0.00820
0.00820
0.00820
0.00820
0.00820
0.00820
0.00820
0.00820
0.00820
0.00820
0.00820
0.00820
0.00820
0.41915
0.24362
0.17553
0.16702
0.14149
0.14043
0.12128
0.11702
0.10213
0.10106
0.08830
0.08723
0.07979
0.07021
0.07021
0.07021
0.06809
0.06702
0.06489
0.06277
0.06277
0.05745
0.05638
0.05426
0.05426
0.05106
0.04894
0.04787
0.04681
0.04681
0.04681
0.04574
0.04468
0.04362
0.04255
0.04149
0.03936
0.03830
0.03830
0.03830
0.03723
0.03617
0.03617
0.03404
0.03404
0.03404
0.03298
0.03298
0.03191
0.03085
0.02979
0.02872
0.02766
0.02766
0.02766
0.02660
0.02660
0.02553
0.02553
0.02553
0.02553
0.02234
0.02128
0.02128
0.02128
0.02021
0.02021
0.02021
0.02021
0.01915
0.01915
0.01915
0.01809
0.01809
0.01596
0.01489
0.01489
0.01489
0.01383
0.01277
0.01277
0.01277
0.01170
0.01170
0.01170
0.01170
0.01170
0.01170
0.01064
0.01064
0.01064
0.01064
0.00957
0.00957
0.00851
0.00851
0.00851
0.00745
0.00745
0.00745
0.00745
0.00638
0.00638
0.00638
0.00638
0.00532
0.00532
0.00532
0.00532
0.00532
0.00532
0.00532
0.00532
0.00426
0.00426
0.00426
0.00426
0.00426
0.00426
0.00319
0.00319
0.00319
0.00319
0.00319
0.00319
0.00319
0.00213
0.00213
0.00213
0.00213
0.00213
0.00213
0.00213
0.00106
0.00106
0.00106
0.00106
0.00106
0.00106
0.70149
0.41791
0.11940
0.10448
0.10448
0.05970
0.05970
0.05970
0.05970
0.04478
0.04478
0.04478
0.04478
0.04478
0.04478
0.04478
0.04478
0.04478
0.02985
0.02985
0.02985
0.02985
0.02985
0.02985
0.01493
0.01493
0.01493
0.01493
0.01493
0.01493
0.01493
0.01493
0.01493
0.01493
0.01493
0.01493
0.01493
0.01493
0.32716
0.14043
0.08488
0.07407
0.07099
0.07099
0.06019
0.06019
0.05556
0.05247
0.04784
0.04475
0.04321
0.04321
0.04167
0.04167
0.04167
0.04167
0.04012
0.04012
0.03858
0.03858
0.03704
0.03549
0.03395
0.03395
0.03395
0.03395
0.03241
0.03241
0.03086
0.03086
0.03086
0.02932
0.02778
0.02778
0.02623
0.02469
0.02160
0.02160
0.02160
0.02160
0.02160
0.02006
0.02006
0.02006
0.02006
0.02006
0.01852
0.01852
0.01543
0.01543
0.01543
0.01543
0.01543
0.01389
0.01389
0.01389
0.01235
0.01235
0.01235
0.01080
0.01080
0.01080
0.01080
0.01080
0.01080
0.00926
0.00926
0.00772
0.00772
0.00772
0.00772
0.00617
0.00617
0.00617
0.00617
0.00463
0.00463
0.00463
0.00463
0.00463
0.00309
0.00309
0.00309
0.00309
0.00309
0.00309
0.00309
0.00154
0.00154
0.00154
0.00154
0.00154
0.00154
0.45330
0.25000
0.24176
0.15110
0.14011
0.13462
0.12637
0.11538
0.10989
0.08242
0.07967
0.07692
0.07418
0.07418
0.06868
0.06868
0.06319
0.04945
0.04945
0.04945
0.04945
0.04670
0.04396
0.04396
0.04121
0.04121
0.03846
0.03571
0.03571
0.03571
0.03297
0.03022
0.03022
0.02747
0.02747
0.02747
0.02473
0.02473
0.02473
0.02473
0.02473
0.02198
0.02198
0.02198
0.02198
0.02198
0.02198
0.02198
0.01923
0.01923
0.01923
0.01923
0.01923
0.01923
0.01923
0.01923
0.01648
0.01648
0.01648
0.01648
0.01648
0.01648
0.01648
0.01374
0.01374
0.01374
0.01374
0.01374
0.01374
0.01374
0.01374
0.01099
0.01099
0.01099
0.01099
0.01099
0.01099
0.01099
0.01099
0.00824
0.00824
0.00824
0.00824
0.00824
0.00824
0.00824
0.00824
0.00824
0.00824
0.00549
0.00549
0.00549
0.00549
0.00549
0.00549
0.00549
0.00549
0.00275
0.00275
0.00275
0.00275
0.00275
0.00275
0.00275
0.00275
0.00275
0.00275
0.00275
0.00275
0.00275
0.00275
0.00275
0.00275
0.00275
0.00275
0.00275
0.00275
0.00275
0.00275
0.00275
0.00275
0.14806
0.14450
0.14410
0.10491
0.09343
0.08432
0.07561
0.07324
0.07245
0.07126
0.07007
0.06097
0.06097
0.05859
0.05701
0.05305
0.05265
0.05067
0.04671
0.04592
0.04473
0.04394
0.04196
0.04196
0.04117
0.04038
0.03998
0.03880
0.03721
0.03642
0.03563
0.03523
0.03484
0.03405
0.03207
0.03127
0.03127
0.02969
0.02811
0.02811
0.02771
0.02732
0.02692
0.02573
0.02534
0.02534
0.02415
0.02336
0.02257
0.02098
0.01900
0.01900
0.01781
0.01781
0.01781
0.01742
0.01742
0.01742
0.01702
0.01663
0.01623
0.01504
0.01504
0.01504
0.01504
0.01465
0.01425
0.01346
0.01346
0.01306
0.01306
0.01306
0.01267
0.01227
0.01227
0.01227
0.01227
0.01188
0.01188
0.01069
0.01029
0.01029
0.00990
0.00990
0.00950
0.00911
0.00792
0.00752
0.00752
0.00752
0.00752
0.00673
0.00673
0.00673
0.00673
0.00633
0.00633
0.00594
0.00515
0.00515
0.00475
0.00475
0.00475
0.00435
0.00435
0.00396
0.00396
0.00356
0.00356
0.00356
0.00356
0.00356
0.00356
0.00356
0.00317
0.00317
0.00317
0.00317
0.00317
0.00277
0.00277
0.00277
0.00277
0.00277
0.00198
0.00158
0.00040
0.00040
0.17021
0.15957
0.13830
0.13830
0.12766
0.11702
0.08511
0.08511
0.06383
0.06383
0.05319
0.05319
0.05319
0.04255
0.04255
0.04255
0.04255
0.04255
0.03191
0.03191
0.03191
0.03191
0.03191
0.03191
0.03191
0.03191
0.03191
0.03191
0.03191
0.03191
0.03191
0.03191
0.02128
0.02128
0.02128
0.02128
0.02128
0.02128
0.02128
0.02128
0.02128
0.02128
0.02128
0.02128
0.02128
0.02128
0.02128
0.02128
0.01064
0.01064
0.01064
0.01064
0.01064
0.01064
0.01064
0.01064
0.01064
0.01064
0.01064
0.01064
0.01064
0.01064
0.01064
0.01064
0.01064
0.01064
0.01064
0.01064
0.01064
0.01064
0.01064
0.01064
0.01064
0.01064
0.01064
0.01064
0.01064
0.01064
0.01064
0.01064
0.10881
0.09845
0.06995
0.05440
0.05440
0.05181
0.04145
0.03886
0.03886
0.03886
0.03368
0.03109
0.03109
0.02591
0.02332
0.02332
0.02332
0.02332
0.02332
0.02073
0.02073
0.02073
0.02073
0.02073
0.02073
0.02073
0.02073
0.01813
0.01813
0.01554
0.01295
0.01295
0.01295
0.01295
0.01295
0.01295
0.01295
0.01036
0.01036
0.01036
0.01036
0.01036
0.01036
0.01036
0.01036
0.01036
0.01036
0.01036
0.00777
0.00777
0.00777
0.00518
0.00518
0.00518
0.00518
0.00518
0.00518
0.00259
0.00259
0.00259
0.00259
0.00259
0.00259
0.00259
0.15638
0.10700
0.10288
0.10288
0.09877
0.09465
0.09465
0.09465
0.08642
0.08642
0.07819
0.07819
0.07407
0.06584
0.06173
0.05350
0.05350
0.04938
0.04938
0.04527
0.04115
0.04115
0.04115
0.04115
0.03704
0.03704
0.03704
0.03704
0.03704
0.03704
0.03704
0.03704
0.03292
0.03292
0.03292
0.03292
0.02881
0.02881
0.02881
0.02881
0.02881
0.02881
0.02881
0.02881
0.02881
0.02881
0.02469
0.02469
0.02469
0.02469
0.02469
0.02469
0.02469
0.02469
0.02469
0.02058
0.02058
0.02058
0.02058
0.02058
0.02058
0.02058
0.02058
0.02058
0.02058
0.02058
0.02058
0.01646
0.01646
0.01646
0.01646
0.01646
0.01646
0.01646
0.01646
0.01646
0.01235
0.01235
0.01235
0.01235
0.01235
0.01235
0.01235
0.01235
0.01235
0.00823
0.00823
0.00823
0.00823
0.00823
0.00823
0.00823
0.00823
0.00823
0.00412
0.00412
0.00412
0.00412
0.00412
0.00412
0.00412
0.00412
0.00412
0.00412
0.00412
0.00412
0.00412
0.00412
0.00412
0.00412
0.00412
0.00412
0.00412
0.00412
0.00412
0.00412
0.00412
0.00412
0.21958
0.15415
0.08757
0.08134
0.07773
0.06888
0.06674
0.06215
0.05756
0.05494
0.05346
0.05313
0.04854
0.04657
0.04641
0.04034
0.04001
0.03690
0.03624
0.03591
0.03493
0.03378
0.03313
0.03247
0.03067
0.02870
0.02853
0.02821
0.02624
0.02624
0.02476
0.02378
0.02345
0.02279
0.02181
0.02132
0.02033
0.02017
0.02017
0.01902
0.01902
0.01853
0.01853
0.01705
0.01640
0.01591
0.01541
0.01427
0.01427
0.01427
0.01361
0.01361
0.01312
0.01279
0.01214
0.01214
0.01214
0.01197
0.01148
0.01115
0.01099
0.01066
0.01050
0.01050
0.01033
0.00968
0.00918
0.00886
0.00869
0.00836
0.00820
0.00820
0.00820
0.00804
0.00787
0.00771
0.00738
0.00705
0.00623
0.00607
0.00574
0.00558
0.00541
0.00525
0.00508
0.00492
0.00492
0.00476
0.00459
0.00459
0.00394
0.00394
0.00377
0.00361
0.00344
0.00312
0.00312
0.00295
0.00279
0.00279
0.00262
0.00213
0.00213
0.00213
0.00033
0.09605
0.09040
0.09040
0.08475
0.07345
0.06215
0.05085
0.05085
0.04520
0.03955
0.03955
0.03955
0.03955
0.03955
0.03955
0.03955
0.03390
0.03390
0.03390
0.02825
0.02825
0.02825
0.02825
0.02825
0.02825
0.02825
0.02260
0.02260
0.02260
0.02260
0.02260
0.02260
0.01695
0.01695
0.01695
0.01695
0.01695
0.01695
0.01695
0.01695
0.01695
0.01695
0.01695
0.01130
0.01130
0.01130
0.01130
0.01130
0.01130
0.01130
0.01130
0.01130
0.01130
0.01130
0.01130
0.01130
0.01130
0.01130
0.01130
0.01130
0.01130
0.01130
0.01130
0.01130
0.01130
0.00565
0.00565
0.00565
0.00565
0.00565
0.00565
0.00565
0.00565
0.00565
0.14365
0.11602
0.09392
0.07182
0.07182
0.06630
0.06630
0.06630
0.06630
0.06077
0.06077
0.05525
0.04972
0.04972
0.04420
0.04420
0.04420
0.04420
0.04420
0.04420
0.04420
0.04420
0.03867
0.03867
0.03867
0.03867
0.03867
0.03867
0.03867
0.03315
0.03315
0.03315
0.03315
0.03315
0.03315
0.03315
0.03315
0.03315
0.02762
0.02762
0.02762
0.02762
0.02762
0.02762
0.02762
0.02762
0.02762
0.02210
0.02210
0.02210
0.02210
0.02210
0.02210
0.02210
0.02210
0.02210
0.02210
0.02210
0.02210
0.02210
0.02210
0.02210
0.02210
0.02210
0.02210
0.02210
0.01657
0.01657
0.01657
0.01657
0.01657
0.01657
0.01657
0.01657
0.01657
0.01657
0.01657
0.01657
0.01657
0.01657
0.01657
0.01657
0.01657
0.01657
0.01657
0.01657
0.01105
0.01105
0.01105
0.01105
0.01105
0.01105
0.01105
0.01105
0.01105
0.01105
0.01105
0.01105
0.01105
0.01105
0.01105
0.01105
0.01105
0.01105
0.01105
0.01105
0.01105
0.01105
0.01105
0.01105
0.01105
0.01105
0.01105
0.00552
0.00552
0.00552
0.00552
0.00552
0.00552
0.00552
0.00552
0.00552
0.00552
0.00552
0.00552
0.00552
0.00552
0.00552
0.00552
0.00552
0.00552
0.00552
0.00552
0.00552
0.00552
0.17528
0.16682
0.12218
0.11748
0.10385
0.09633
0.08506
0.08365
0.07707
0.06767
0.06626
0.06485
0.06203
0.06015
0.06015
0.06015
0.05310
0.04981
0.04793
0.04699
0.04652
0.04558
0.04558
0.04323
0.04229
0.04229
0.03806
0.03759
0.03759
0.03712
0.03712
0.03712
0.03665
0.03571
0.03524
0.03242
0.03195
0.03195
0.03055
0.03008
0.02961
0.02820
0.02773
0.02679
0.02632
0.02632
0.02444
0.02444
0.02444
0.02068
0.02068
0.01974
0.01927
0.01927
0.01880
0.01833
0.01833
0.01786
0.01739
0.01692
0.01692
0.01645
0.01645
0.01598
0.01551
0.01551
0.01551
0.01504
0.01457
0.01410
0.01410
0.01363
0.01316
0.01269
0.01222
0.01222
0.01175
0.01128
0.01081
0.01081
0.01034
0.01034
0.01034
0.01034
0.00940
0.00893
0.00893
0.00752
0.00752
0.00752
0.00705
0.00705
0.00705
0.00705
0.00658
0.00611
0.00611
0.00611
0.00611
0.00564
0.00564
0.00517
0.00470
0.00423
0.00423
0.00423
0.00423
0.00376
0.00376
0.00376
0.00376
0.00376
0.00376
0.00329
0.00329
0.00329
0.00329
0.00329
0.00329
0.00329
0.00329
0.00329
0.00282
0.00282
0.00282
0.00235
0.00235
0.00235
0.00188
0.00188
0.00188
0.00047
0.17339
0.16504
0.12239
0.11822
0.10385
0.09689
0.08530
0.08299
0.07650
0.06861
0.06630
0.06444
0.06120
0.05934
0.05888
0.05888
0.05239
0.04914
0.04868
0.04682
0.04682
0.04682
0.04590
0.04358
0.04265
0.04172
0.03802
0.03802
0.03755
0.03755
0.03755
0.03662
0.03662
0.03662
0.03477
0.03199
0.03153
0.03153
0.03013
0.02921
0.02921
0.02828
0.02782
0.02596
0.02596
0.02457
0.02411
0.02411
0.02040
0.02040
0.02040
0.01994
0.01994
0.01901
0.01854
0.01854
0.01854
0.01762
0.01715
0.01715
0.01715
0.01669
0.01669
0.01669
0.01623
0.01530
0.01530
0.01530
0.01484
0.01437
0.01391
0.01391
0.01391
0.01344
0.01298
0.01205
0.01205
0.01159
0.01159
0.01113
0.01066
0.01066
0.01020
0.01020
0.01020
0.00974
0.00927
0.00927
0.00881
0.00834
0.00742
0.00742
0.00695
0.00695
0.00649
0.00649
0.00603
0.00603
0.00603
0.00603
0.00603
0.00556
0.00510
0.00464
0.00464
0.00464
0.00417
0.00417
0.00417
0.00371
0.00371
0.00371
0.00371
0.00371
0.00371
0.00371
0.00371
0.00325
0.00325
0.00325
0.00325
0.00325
0.00325
0.00278
0.00278
0.00278
0.00232
0.00232
0.00232
0.00232
0.00185
0.00185
0.00139
0.00046
0.31874
0.28246
0.13703
0.12894
0.12144
0.10375
0.07706
0.07436
0.06207
0.05727
0.05547
0.05397
0.05307
0.05217
0.04918
0.04768
0.04678
0.04168
0.04108
0.04018
0.03928
0.03688
0.03418
0.03328
0.03298
0.03238
0.03058
0.03028
0.02909
0.02879
0.02789
0.02699
0.02609
0.02549
0.02459
0.02429
0.02429
0.02399
0.02399
0.02309
0.02099
0.01979
0.01949
0.01949
0.01919
0.01889
0.01889
0.01829
0.01829
0.01769
0.01739
0.01709
0.01559
0.01529
0.01469
0.01439
0.01409
0.01409
0.01349
0.01349
0.01229
0.01229
0.01199
0.01199
0.01199
0.01139
0.01109
0.01019
0.00990
0.00960
0.00960
0.00930
0.00900
0.00900
0.00870
0.00870
0.00870
0.00840
0.00780
0.00660
0.00660
0.00660
0.00630
0.00570
0.00510
0.00510
0.00480
0.00450
0.00450
0.00450
0.00420
0.00420
0.00420
0.00390
0.00390
0.00360
0.00360
0.00300
0.00270
0.00270
0.00240
0.00240
0.00240
0.00240
0.00240
0.00240
0.00210
0.00180
0.00180
0.00150
0.00150
0.00120
0.00120
0.00090
0.00060
0.00060
0.00030
0.32024
0.28246
0.13703
0.12894
0.12144
0.10375
0.07706
0.07466
0.06387
0.05757
0.05517
0.05457
0.05307
0.05217
0.04948
0.04798
0.04678
0.04168
0.04138
0.04078
0.03898
0.03658
0.03448
0.03358
0.03298
0.03268
0.03058
0.03028
0.02909
0.02879
0.02789
0.02669
0.02639
0.02639
0.02609
0.02459
0.02459
0.02429
0.02399
0.02309
0.02099
0.02009
0.01979
0.01949
0.01949
0.01919
0.01889
0.01829
0.01799
0.01799
0.01769
0.01709
0.01559
0.01529
0.01499
0.01439
0.01409
0.01409
0.01379
0.01349
0.01229
0.01229
0.01229
0.01229
0.01169
0.01169
0.01109
0.01019
0.00990
0.00960
0.00960
0.00930
0.00900
0.00900
0.00900
0.00870
0.00870
0.00840
0.00780
0.00660
0.00660
0.00630
0.00570
0.00570
0.00510
0.00510
0.00510
0.00480
0.00450
0.00450
0.00420
0.00420
0.00420
0.00420
0.00390
0.00360
0.00360
0.00360
0.00300
0.00270
0.00270
0.00240
0.00240
0.00240
0.00240
0.00240
0.00210
0.00180
0.00180
0.00180
0.00150
0.00120
0.00120
0.00090
0.00090
0.00060
0.00030
0.37753
0.33258
0.20674
0.14382
0.14382
0.12135
0.09213
0.08090
0.07416
0.06517
0.05169
0.04944
0.04719
0.04719
0.04719
0.04270
0.03820
0.03596
0.03596
0.03596
0.03596
0.03596
0.03371
0.03146
0.02921
0.02921
0.02921
0.02921
0.02921
0.02921
0.02472
0.02472
0.02472
0.02472
0.02247
0.02247
0.02247
0.02247
0.02247
0.02247
0.02022
0.02022
0.01798
0.01798
0.01573
0.01573
0.01573
0.01573
0.01573
0.01573
0.01573
0.01573
0.01573
0.01573
0.01348
0.01348
0.01348
0.01348
0.01124
0.01124
0.01124
0.00899
0.00899
0.00899
0.00899
0.00899
0.00899
0.00899
0.00899
0.00674
0.00674
0.00674
0.00674
0.00674
0.00674
0.00674
0.00674
0.00449
0.00449
0.00449
0.00449
0.00449
0.00449
0.00449
0.00449
0.00449
0.00449
0.00449
0.00225
0.00225
0.00225
0.00225
0.00225
0.00225
0.00225
0.00225
0.34667
0.24000
0.24000
0.22667
0.22667
0.21333
0.21333
0.20000
0.20000
0.20000
0.20000
0.18667
0.18667
0.17333
0.17333
0.16000
0.13333
0.13333
0.13333
0.13333
0.12000
0.12000
0.10667
0.10667
0.10667
0.10667
0.09333
0.08000
0.08000
0.08000
0.08000
0.08000
0.08000
0.08000
0.08000
0.06667
0.06667
0.06667
0.06667
0.06667
0.06667
0.06667
0.06667
0.06667
0.06667
0.05333
0.05333
0.05333
0.05333
0.05333
0.05333
0.05333
0.05333
0.05333
0.05333
0.05333
0.04000
0.04000
0.04000
0.04000
0.04000
0.04000
0.04000
0.04000
0.04000
0.04000
0.04000
0.04000
0.04000
0.04000
0.04000
0.04000
0.04000
0.04000
0.04000
0.04000
0.04000
0.04000
0.04000
0.02667
0.02667
0.02667
0.02667
0.02667
0.02667
0.02667
0.02667
0.02667
0.02667
0.02667
0.02667
0.02667
0.02667
0.02667
0.02667
0.02667
0.02667
0.02667
0.02667
0.02667
0.02667
0.02667
0.02667
0.02667
0.02667
0.02667
0.01333
0.01333
0.01333
0.01333
0.01333
0.01333
0.01333
0.01333
0.01333
0.01333
0.01333
0.01333
0.01333
0.01333
0.01333
0.01333
0.01333
0.01333
0.01333
0.01333
0.01333
0.01333
0.01333
0.01333
0.01333
0.01333
0.01333
0.01333
0.01333
0.01333
0.01333
0.01333
0.01333
0.01333
0.15789
0.09569
0.09091
0.09091
0.08612
0.08612
0.08134
0.07177
0.07177
0.05742
0.05742
0.05742
0.05263
0.05263
0.05263
0.05263
0.04785
0.04785
0.04785
0.04785
0.03828
0.03828
0.03828
0.03828
0.03349
0.03349
0.03349
0.03349
0.03349
0.03349
0.03349
0.03349
0.03349
0.03349
0.02871
0.02871
0.02871
0.02871
0.02871
0.02871
0.02871
0.02871
0.02392
0.02392
0.02392
0.02392
0.02392
0.01914
0.01914
0.01914
0.01914
0.01914
0.01435
0.01435
0.01435
0.01435
0.01435
0.01435
0.01435
0.00957
0.00957
0.00957
0.00957
0.00478
0.00478
0.00478
0.00478
0.00478
0.00478
0.00478
0.00478
0.40625
0.12500
0.12500
0.10938
0.10938
0.09375
0.07812
0.07812
0.07812
0.07812
0.06250
0.06250
0.06250
0.06250
0.06250
0.06250
0.06250
0.06250
0.06250
0.04688
0.04688
0.04688
0.04688
0.04688
0.04688
0.04688
0.04688
0.04688
0.04688
0.03125
0.03125
0.03125
0.03125
0.03125
0.03125
0.03125
0.03125
0.03125
0.03125
0.03125
0.03125
0.03125
0.03125
0.03125
0.03125
0.03125
0.01562
0.01562
0.01562
0.01562
0.01562
0.01562
0.01562
0.01562
0.01562
0.01562
0.01562
0.01562
0.01562
0.01562
0.01562
0.01562
0.01562
0.01562
0.01562
0.01562
0.01562
0.01562
0.01562
0.01562
0.01562
0.01562
0.01562
0.01562
0.01562
0.01562
0.01562
0.01562
0.01562
0.01562
0.01562
0.24885
0.16590
0.16129
0.13825
0.10138
0.09677
0.09677
0.09677
0.07834
0.06452
0.05991
0.05991
0.05530
0.05069
0.05069
0.05069
0.05069
0.05069
0.04608
0.04608
0.04608
0.03687
0.03687
0.03687
0.03687
0.03226
0.03226
0.03226
0.03226
0.03226
0.03226
0.02765
0.02765
0.02765
0.02765
0.02304
0.02304
0.02304
0.02304
0.02304
0.01843
0.01843
0.01843
0.01843
0.01843
0.01382
0.01382
0.01382
0.01382
0.01382
0.01382
0.00922
0.00922
0.00922
0.00922
0.00922
0.00922
0.00461
0.00461
0.00461
0.00461
0.00461
0.00461
0.00461
0.00461
0.00461
0.00461
0.00461
0.00461
0.00461
0.00461
0.00461
0.00461
0.00461
0.18636
0.17246
0.14024
0.12950
0.08465
0.07896
0.07391
0.07328
0.07328
0.06759
0.06633
0.05559
0.05306
0.04738
0.04359
0.04232
0.04232
0.04232
0.03917
0.03790
0.03727
0.03601
0.03474
0.03285
0.03285
0.03285
0.03222
0.03159
0.03159
0.03095
0.03095
0.02969
0.02780
0.02653
0.02653
0.02464
0.02274
0.02211
0.02148
0.02148
0.02085
0.02021
0.02021
0.01958
0.01895
0.01895
0.01706
0.01516
0.01516
0.01453
0.01453
0.01390
0.01390
0.01327
0.01327
0.01327
0.01263
0.01074
0.01074
0.01074
0.00948
0.00884
0.00821
0.00821
0.00758
0.00695
0.00695
0.00695
0.00695
0.00695
0.00695
0.00695
0.00632
0.00632
0.00632
0.00632
0.00569
0.00569
0.00569
0.00569
0.00569
0.00505
0.00505
0.00505
0.00505
0.00505
0.00505
0.00505
0.00505
0.00505
0.00442
0.00442
0.00442
0.00442
0.00379
0.00379
0.00379
0.00379
0.00379
0.00379
0.00316
0.00316
0.00316
0.00316
0.00253
0.00253
0.00190
0.00190
0.00190
0.00190
0.00190
0.00190
0.00190
0.00190
0.00190
0.00126
0.00126
0.00126
0.00126
0.00126
0.00063
0.48485
0.42424
0.33333
0.13636
0.13636
0.09091
0.09091
0.07576
0.07576
0.06061
0.06061
0.06061
0.06061
0.06061
0.06061
0.06061
0.06061
0.06061
0.06061
0.04545
0.04545
0.04545
0.04545
0.04545
0.04545
0.04545
0.04545
0.04545
0.04545
0.04545
0.03030
0.03030
0.03030
0.03030
0.03030
0.03030
0.03030
0.03030
0.03030
0.03030
0.03030
0.03030
0.03030
0.03030
0.03030
0.03030
0.03030
0.01515
0.01515
0.01515
0.01515
0.01515
0.01515
0.01515
0.01515
0.01515
0.01515
0.01515
0.01515
0.01515
0.01515
0.01515
0.01515
0.01515
0.01515
0.01515
0.01515
0.01515
0.01515
0.01515
0.01515
0.01515
0.01515
0.01515
0.01515
0.01515
0.01515
0.01515
0.01515
0.01515
0.01515
0.21739
0.18043
0.17391
0.16522
0.14783
0.09565
0.08478
0.06739
0.06304
0.05652
0.05217
0.05000
0.04565
0.04348
0.04130
0.03696
0.03478
0.03043
0.03043
0.02826
0.02609
0.02391
0.02391
0.02391
0.02391
0.02391
0.02391
0.02391
0.02174
0.02174
0.02174
0.02174
0.01957
0.01957
0.01739
0.01739
0.01739
0.01739
0.01522
0.01522
0.01304
0.01304
0.01304
0.01304
0.01304
0.01304
0.01087
0.01087
0.01087
0.01087
0.01087
0.01087
0.01087
0.00870
0.00870
0.00870
0.00870
0.00870
0.00870
0.00870
0.00652
0.00652
0.00652
0.00652
0.00652
0.00652
0.00652
0.00652
0.00435
0.00435
0.00435
0.00435
0.00435
0.00435
0.00435
0.00435
0.00435
0.00217
0.00217
0.00217
0.00217
0.00217
0.00217
0.00217
0.00217
0.00217
0.48443
0.21107
0.12803
0.11073
0.09689
0.06920
0.06574
0.06574
0.05882
0.05882
0.05882
0.05536
0.05190
0.05190
0.04844
0.04844
0.04844
0.04498
0.04152
0.04152
0.03806
0.03806
0.03460
0.03114
0.03114
0.03114
0.02768
0.02768
0.02768
0.02768
0.02768
0.02768
0.02768
0.02768
0.02768
0.02768
0.02422
0.02422
0.02422
0.02422
0.02076
0.02076
0.02076
0.02076
0.02076
0.01730
0.01730
0.01730
0.01730
0.01730
0.01730
0.01730
0.01730
0.01730
0.01384
0.01384
0.01384
0.01384
0.01384
0.01384
0.01038
0.01038
0.01038
0.01038
0.01038
0.01038
0.01038
0.01038
0.01038
0.01038
0.01038
0.01038
0.01038
0.01038
0.01038
0.00692
0.00692
0.00692
0.00692
0.00692
0.00692
0.00692
0.00692
0.00692
0.00692
0.00692
0.00692
0.00692
0.00692
0.00692
0.00692
0.00346
0.00346
0.00346
0.00346
0.00346
0.00346
0.00346
0.00346
0.00346
0.00346
0.00346
0.00346
0.00346
0.00346
0.00346
0.00346
0.00346
0.00346
0.00346
0.00346
0.00346
0.00346
0.00346
0.00346
0.00346
0.00346
0.10714
0.07143
0.07143
0.04762
0.04762
0.03571
0.03571
0.03571
0.03571
0.03571
0.03571
0.03571
0.03571
0.02381
0.02381
0.02381
0.02381
0.02381
0.02381
0.02381
0.02381
0.02381
0.02381
0.02381
0.02381
0.02381
0.02381
0.02381
0.02381
0.02381
0.01190
0.01190
0.01190
0.01190
0.01190
0.01190
0.01190
0.01190
0.01190
0.01190
0.01190
0.01190
0.01190
0.01190
0.01190
0.01190
0.01190
0.01190
0.01190
0.23188
0.17391
0.13043
0.13043
0.11594
0.10145
0.10145
0.08696
0.08696
0.07246
0.07246
0.07246
0.07246
0.07246
0.07246
0.07246
0.07246
0.05797
0.05797
0.05797
0.05797
0.05797
0.05797
0.05797
0.05797
0.05797
0.05797
0.05797
0.05797
0.05797
0.05797
0.05797
0.04348
0.04348
0.04348
0.04348
0.04348
0.04348
0.04348
0.04348
0.04348
0.04348
0.04348
0.04348
0.04348
0.04348
0.04348
0.04348
0.04348
0.04348
0.04348
0.04348
0.04348
0.04348
0.04348
0.04348
0.04348
0.04348
0.04348
0.04348
0.04348
0.04348
0.04348
0.04348
0.04348
0.04348
0.04348
0.04348
0.02899
0.02899
0.02899
0.02899
0.02899
0.02899
0.02899
0.02899
0.02899
0.02899
0.02899
0.02899
0.02899
0.02899
0.02899
0.02899
0.02899
0.02899
0.02899
0.02899
0.02899
0.02899
0.02899
0.02899
0.02899
0.02899
0.01449
0.01449
0.01449
0.01449
0.01449
0.01449
0.01449
0.01449
0.01449
0.01449
0.01449
0.01449
0.01449
0.01449
0.01449
0.01449
0.01449
0.01449
0.01449
0.01449
0.01449
0.01449
0.01449
0.01449
0.01449
0.01449
0.01449
0.01449
0.01449
0.01449
0.01449
0.01449
0.01449
0.01449
0.01449
0.01449
0.01449
0.23636
0.20000
0.16364
0.12727
0.12727
0.10909
0.10909
0.09091
0.09091
0.07273
0.07273
0.07273
0.07273
0.07273
0.07273
0.07273
0.07273
0.07273
0.07273
0.07273
0.07273
0.07273
0.07273
0.05455
0.05455
0.05455
0.05455
0.05455
0.05455
0.05455
0.05455
0.05455
0.05455
0.05455
0.05455
0.05455
0.05455
0.05455
0.05455
0.05455
0.05455
0.05455
0.05455
0.05455
0.05455
0.05455
0.05455
0.05455
0.05455
0.03636
0.03636
0.03636
0.03636
0.03636
0.03636
0.03636
0.03636
0.03636
0.03636
0.03636
0.03636
0.03636
0.03636
0.03636
0.03636
0.03636
0.03636
0.03636
0.03636
0.03636
0.03636
0.03636
0.03636
0.03636
0.03636
0.03636
0.03636
0.03636
0.03636
0.01818
0.01818
0.01818
0.01818
0.01818
0.01818
0.01818
0.01818
0.01818
0.01818
0.01818
0.01818
0.01818
0.01818
0.01818
0.01818
0.01818
0.01818
0.01818
0.01818
0.01818
0.01818
0.01818
0.01818
0.01818
0.01818
0.01818
0.01818
0.01818
0.01818
0.01818
0.01818
0.31944
0.15278
0.15278
0.15278
0.12500
0.12500
0.11111
0.11111
0.11111
0.09722
0.08333
0.08333
0.06944
0.06944
0.06944
0.06944
0.06944
0.05556
0.05556
0.05556
0.05556
0.05556
0.05556
0.05556
0.05556
0.05556
0.04167
0.04167
0.04167
0.04167
0.04167
0.04167
0.04167
0.04167
0.04167
0.04167
0.04167
0.04167
0.04167
0.04167
0.02778
0.02778
0.02778
0.02778
0.02778
0.02778
0.02778
0.02778
0.02778
0.02778
0.02778
0.02778
0.02778
0.02778
0.01389
0.01389
0.01389
0.01389
0.01389
0.01389
0.01389
0.01389
0.01389
0.01389
0.01389
0.01389
0.01389
0.01389
0.01389
0.01389
0.01389
0.01389
0.01389
0.01389
0.01389
0.01389
0.08815
0.06612
0.05969
0.05693
0.05601
0.05234
0.05234
0.04867
0.04591
0.04040
0.03949
0.03857
0.03581
0.03581
0.03030
0.03030
0.03030
0.02847
0.02479
0.02479
0.02296
0.02204
0.02112
0.02112
0.01928
0.01837
0.01837
0.01837
0.01837
0.01469
0.01469
0.01469
0.01286
0.01194
0.01194
0.01194
0.01194
0.01194
0.01102
0.01102
0.01010
0.01010
0.01010
0.01010
0.00918
0.00918
0.00918
0.00826
0.00826
0.00826
0.00826
0.00826
0.00826
0.00826
0.00735
0.00735
0.00735
0.00735
0.00735
0.00735
0.00735
0.00643
0.00643
0.00643
0.00643
0.00643
0.00551
0.00551
0.00551
0.00551
0.00551
0.00459
0.00459
0.00459
0.00367
0.00367
0.00367
0.00275
0.00275
0.00184
0.00184
0.00184
0.00184
0.00184
0.00092
0.00092
0.00092
0.00092
0.00092
0.44944
0.39326
0.32584
0.28090
0.25843
0.22472
0.21348
0.15730
0.13483
0.12360
0.10112
0.10112
0.08989
0.07865
0.07865
0.06742
0.06742
0.06742
0.05618
0.05618
0.05618
0.05618
0.04494
0.04494
0.04494
0.04494
0.03371
0.03371
0.03371
0.03371
0.03371
0.03371
0.03371
0.03371
0.03371
0.03371
0.03371
0.03371
0.03371
0.03371
0.02247
0.02247
0.02247
0.02247
0.02247
0.02247
0.02247
0.02247
0.02247
0.02247
0.02247
0.02247
0.02247
0.02247
0.02247
0.02247
0.02247
0.02247
0.02247
0.02247
0.02247
0.02247
0.02247
0.02247
0.02247
0.02247
0.02247
0.02247
0.02247
0.02247
0.02247
0.02247
0.02247
0.01124
0.01124
0.01124
0.01124
0.01124
0.01124
0.01124
0.01124
0.01124
0.01124
0.01124
0.01124
0.01124
0.01124
0.01124
0.01124
0.01124
0.01124
0.01124
0.01124
0.01124
0.01124
0.01124
0.29032
0.22581
0.13978
0.11828
0.10753
0.09677
0.09677
0.09677
0.07527
0.06452
0.06452
0.06452
0.05376
0.04301
0.04301
0.04301
0.04301
0.03226
0.03226
0.03226
0.03226
0.03226
0.03226
0.03226
0.03226
0.03226
0.03226
0.03226
0.03226
0.03226
0.03226
0.03226
0.03226
0.03226
0.03226
0.03226
0.02151
0.02151
0.02151
0.02151
0.02151
0.02151
0.02151
0.02151
0.02151
0.02151
0.02151
0.02151
0.02151
0.02151
0.02151
0.02151
0.02151
0.02151
0.02151
0.02151
0.01075
0.01075
0.01075
0.01075
0.01075
0.01075
0.01075
0.01075
0.01075
0.01075
0.01075
0.01075
0.01075
0.01075
0.01075
0.01075
0.01075
0.01075
0.01075
0.01075
0.01075
0.01075
0.01075
0.01075
0.01075
0.01075
0.01075
0.13362
0.12500
0.12069
0.11638
0.11207
0.10776
0.10776
0.09052
0.08621
0.08621
0.08190
0.07328
0.06897
0.06466
0.05603
0.04741
0.04741
0.04741
0.04741
0.04741
0.04310
0.04310
0.04310
0.04310
0.04310
0.03879
0.03448
0.03448
0.03448
0.03448
0.03017
0.03017
0.03017
0.03017
0.03017
0.03017
0.03017
0.03017
0.03017
0.02586
0.02586
0.02586
0.02586
0.02586
0.02586
0.02586
0.02586
0.02586
0.02586
0.02586
0.02586
0.02155
0.02155
0.02155
0.02155
0.02155
0.01724
0.01724
0.01724
0.01724
0.01724
0.01724
0.01724
0.01293
0.01293
0.01293
0.01293
0.01293
0.01293
0.01293
0.01293
0.01293
0.01293
0.01293
0.01293
0.01293
0.01293
0.01293
0.01293
0.00862
0.00862
0.00862
0.00862
0.00862
0.00862
0.00862
0.00862
0.00862
0.00862
0.00431
0.00431
0.00431
0.00431
0.00431
0.00431
0.00431
0.00431
0.00431
0.00431
0.00431
0.00431
0.00431
0.00431
0.00431
0.00431
0.00431
0.00431
0.00431
0.00431
0.00431
0.00431
0.00431
0.00431
0.00431
0.00431
0.05659
0.05009
0.04824
0.04638
0.04082
0.03432
0.03154
0.02876
0.02783
0.02690
0.02597
0.02505
0.02412
0.02412
0.02134
0.02134
0.01948
0.01763
0.01763
0.01670
0.01577
0.01577
0.01577
0.01484
0.01391
0.01391
0.01391
0.01391
0.01299
0.01206
0.01206
0.01113
0.01113
0.01020
0.00835
0.00742
0.00742
0.00649
0.00649
0.00649
0.00557
0.00464
0.00464
0.00371
0.00278
0.26522
0.23043
0.21739
0.13043
0.12609
0.07826
0.07826
0.07391
0.06957
0.06957
0.06522
0.06522
0.06087
0.05652
0.05217
0.05217
0.04783
0.04783
0.04783
0.04348
0.04348
0.04348
0.04348
0.03913
0.03913
0.03478
0.03478
0.03478
0.03478
0.03478
0.03478
0.03478
0.03043
0.03043
0.03043
0.02609
0.02609
0.02609
0.02609
0.02609
0.02609
0.02174
0.02174
0.02174
0.02174
0.01739
0.01739
0.01739
0.01739
0.01739
0.01739
0.01739
0.01739
0.01739
0.01739
0.01739
0.01739
0.01739
0.01739
0.01304
0.01304
0.01304
0.01304
0.01304
0.01304
0.01304
0.01304
0.01304
0.01304
0.01304
0.01304
0.01304
0.01304
0.01304
0.00870
0.00870
0.00870
0.00870
0.00870
0.00870
0.00870
0.00870
0.00870
0.00870
0.00870
0.00870
0.00870
0.00870
0.00435
0.00435
0.00435
0.00435
0.00435
0.00435
0.00435
0.00435
0.00435
0.00435
0.00435
0.00435
0.00435
0.00435
0.00435
0.00435
0.00435
0.00435
0.00435
0.00435
0.00435
0.00435
0.00435
0.00435
0.11835
0.10996
0.10617
0.07372
0.07142
0.07056
0.06856
0.06455
0.06211
0.05258
0.05079
0.04986
0.04886
0.04735
0.04528
0.04506
0.04499
0.04363
0.04291
0.04212
0.04091
0.03997
0.03847
0.03747
0.03618
0.03460
0.03453
0.03439
0.03388
0.03324
0.03209
0.03195
0.03145
0.02930
0.02930
0.02901
0.02622
0.02522
0.02457
0.02407
0.02393
0.02343
0.02335
0.02264
0.02206
0.02199
0.02149
0.02128
0.01784
0.01676
0.01655
0.01641
0.01641
0.01497
0.01418
0.01325
0.01268
0.01175
0.01103
0.01089
0.01089
0.01053
0.01024
0.00910
0.00881
0.00838
0.00802
0.00802
0.00781
0.00781
0.00759
0.00738
0.00724
0.00716
0.00709
0.00688
0.00681
0.00673
0.00630
0.00616
0.00609
0.00602
0.00595
0.00573
0.00566
0.00544
0.00530
0.00501
0.00437
0.00423
0.00401
0.00401
0.00394
0.00387
0.00387
0.00373
0.00373
0.00344
0.00337
0.00337
0.00337
0.00337
0.00308
0.00294
0.00294
0.00294
0.00258
0.00258
0.00251
0.00236
0.00236
0.00222
0.41514
0.25976
0.13466
0.10279
0.09084
0.08127
0.07968
0.07649
0.07092
0.07012
0.06932
0.05657
0.05578
0.05498
0.05339
0.05339
0.04542
0.04542
0.04143
0.03984
0.03904
0.03825
0.03745
0.03665
0.03586
0.03506
0.03347
0.03347
0.03347
0.03267
0.03267
0.03187
0.03028
0.02789
0.02789
0.02789
0.02709
0.02629
0.02550
0.02550
0.02470
0.02390
0.02311
0.02231
0.02231
0.02151
0.02072
0.02072
0.01992
0.01912
0.01833
0.01753
0.01753
0.01673
0.01673
0.01594
0.01514
0.01514
0.01514
0.01434
0.01355
0.01355
0.01355
0.01275
0.01275
0.01275
0.01195
0.01195
0.01195
0.01195
0.01195
0.01116
0.01116
0.01036
0.00876
0.00876
0.00797
0.00797
0.00797
0.00797
0.00717
0.00717
0.00717
0.00717
0.00637
0.00637
0.00637
0.00558
0.00558
0.00558
0.00558
0.00558
0.00558
0.00558
0.00558
0.00478
0.00478
0.00478
0.00478
0.00398
0.00398
0.00398
0.00398
0.00398
0.00319
0.00319
0.00319
0.00319
0.00319
0.00319
0.00239
0.00239
0.00239
0.00239
0.00239
0.00159
0.00159
0.00159
0.00080
0.00080
0.00080
0.00080
0.00080
0.00080
0.00080
0.26230
0.18852
0.11475
0.10656
0.08197
0.08197
0.07377
0.07377
0.06557
0.06557
0.05738
0.05738
0.05738
0.05738
0.04918
0.04918
0.04918
0.04918
0.04918
0.04918
0.04918
0.04918
0.04918
0.04918
0.04098
0.04098
0.04098
0.04098
0.04098
0.04098
0.04098
0.04098
0.04098
0.04098
0.04098
0.04098
0.04098
0.03279
0.03279
0.03279
0.03279
0.03279
0.03279
0.03279
0.03279
0.03279
0.03279
0.03279
0.03279
0.03279
0.03279
0.03279
0.03279
0.03279
0.03279
0.03279
0.02459
0.02459
0.02459
0.02459
0.02459
0.02459
0.02459
0.02459
0.02459
0.02459
0.02459
0.02459
0.02459
0.02459
0.02459
0.02459
0.02459
0.02459
0.02459
0.01639
0.01639
0.01639
0.01639
0.01639
0.01639
0.01639
0.01639
0.01639
0.01639
0.01639
0.01639
0.01639
0.01639
0.01639
0.01639
0.01639
0.01639
0.01639
0.01639
0.01639
0.00820
0.00820
0.00820
0.00820
0.00820
0.00820
0.00820
0.00820
0.00820
0.00820
0.00820
0.00820
0.00820
0.00820
0.00820
0.00820
0.00820
0.00820
0.00820
0.00820
0.00820
0.00820
0.00820
0.09657
0.08411
0.07788
0.07788
0.07477
0.06854
0.06854
0.06231
0.06231
0.05607
0.05296
0.04984
0.04673
0.04673
0.04673
0.04361
0.03738
0.03738
0.03738
0.03738
0.03427
0.03427
0.03427
0.03427
0.03427
0.03427
0.03427
0.03427
0.03115
0.03115
0.03115
0.03115
0.03115
0.03115
0.03115
0.03115
0.03115
0.03115
0.02804
0.02804
0.02804
0.02804
0.02804
0.02804
0.02804
0.02492
0.02492
0.02492
0.02492
0.02181
0.01869
0.01869
0.01869
0.01869
0.01869
0.01869
0.01558
0.01558
0.01558
0.01558
0.01246
0.01246
0.01246
0.01246
0.01246
0.01246
0.01246
0.00935
0.00935
0.00935
0.00935
0.00935
0.00935
0.00935
0.00935
0.00935
0.00623
0.00623
0.00623
0.00312
0.00312
0.00312
0.00312
0.00312
0.00312
0.35452
0.26027
0.12849
0.12027
0.12000
0.11452
0.11288
0.08301
0.07096
0.06356
0.06192
0.05890
0.05781
0.05507
0.05425
0.05151
0.05123
0.04849
0.04521
0.04493
0.04384
0.04329
0.04164
0.04137
0.04055
0.03918
0.03890
0.03589
0.03562
0.03123
0.03096
0.03068
0.02986
0.02959
0.02959
0.02959
0.02959
0.02959
0.02904
0.02877
0.02849
0.02795
0.02712
0.02685
0.02521
0.02521
0.02384
0.02356
0.02274
0.02137
0.01945
0.01918
0.01836
0.01836
0.01836
0.01836
0.01699
0.01644
0.01616
0.01616
0.01562
0.01534
0.01479
0.01479
0.01370
0.01370
0.01315
0.01178
0.01151
0.01123
0.01068
0.01041
0.01014
0.00986
0.00877
0.00822
0.00822
0.00795
0.00767
0.00712
0.00712
0.00658
0.00658
0.00603
0.00603
0.00548
0.00521
0.00493
0.00493
0.00466
0.00466
0.00466
0.00438
0.00438
0.00438
0.00384
0.00384
0.00384
0.00356
0.00356
0.00329
0.00329
0.00329
0.00301
0.00301
0.00301
0.00274
0.00274
0.00247
0.00247
0.00247
0.00219
0.00219
0.00192
0.00164
0.00164
0.00137
0.00110
0.00110
0.00082
0.00055
0.00055
0.00027
0.13559
0.12712
0.12712
0.12712
0.11864
0.11864
0.10169
0.09322
0.08475
0.08475
0.08475
0.08475
0.07627
0.07627
0.06780
0.06780
0.06780
0.06780
0.06780
0.06780
0.05932
0.05932
0.05932
0.05932
0.05932
0.05932
0.05932
0.05085
0.05085
0.05085
0.05085
0.05085
0.05085
0.05085
0.05085
0.05085
0.05085
0.04237
0.04237
0.04237
0.04237
0.04237
0.04237
0.03390
0.03390
0.03390
0.03390
0.03390
0.03390
0.03390
0.03390
0.03390
0.03390
0.03390
0.03390
0.03390
0.02542
0.02542
0.02542
0.02542
0.02542
0.02542
0.02542
0.02542
0.02542
0.02542
0.02542
0.02542
0.02542
0.02542
0.02542
0.02542
0.02542
0.01695
0.01695
0.01695
0.01695
0.01695
0.01695
0.01695
0.01695
0.01695
0.01695
0.01695
0.01695
0.01695
0.01695
0.01695
0.01695
0.01695
0.01695
0.01695
0.00847
0.00847
0.00847
0.00847
0.00847
0.00847
0.00847
0.00847
0.00847
0.00847
0.00847
0.00847
0.00847
0.00847
0.00847
0.00847
0.00847
0.00847
0.00847
0.00847
0.00847
0.00847
0.00847
0.00847
0.00847
0.00847
0.00847
0.00847
0.00847
0.00847
0.00847
0.00847
0.00847
0.00847
0.00847
0.40000
0.36667
0.25000
0.16667
0.15000
0.13333
0.11667
0.11667
0.11667
0.10000
0.10000
0.08333
0.08333
0.08333
0.08333
0.08333
0.08333
0.08333
0.06667
0.06667
0.06667
0.06667
0.06667
0.06667
0.05000
0.05000
0.05000
0.05000
0.05000
0.05000
0.05000
0.05000
0.05000
0.05000
0.05000
0.05000
0.05000
0.05000
0.03333
0.03333
0.03333
0.03333
0.03333
0.03333
0.03333
0.03333
0.01667
0.01667
0.01667
0.01667
0.01667
0.01667
0.01667
0.01667
0.01667
0.01667
0.01667
0.01667
0.01667
0.01667
0.01667
0.01667
0.01667
0.01667
0.01667
0.01667
0.01667
0.01667
0.01667
0.47938
0.33505
0.15979
0.15464
0.11856
0.11340
0.09794
0.09794
0.08247
0.08247
0.08247
0.07732
0.07732
0.07216
0.07216
0.07216
0.06701
0.06701
0.06701
0.06186
0.06186
0.06186
0.06186
0.06186
0.05670
0.05670
0.05670
0.05670
0.05670
0.05670
0.05155
0.04639
0.04639
0.04639
0.04639
0.04639
0.04124
0.04124
0.04124
0.04124
0.03608
0.03608
0.03608
0.03608
0.03608
0.03608
0.03093
0.03093
0.03093
0.03093
0.03093
0.03093
0.03093
0.02577
0.02577
0.02577
0.02577
0.02577
0.02577
0.02577
0.02577
0.02577
0.02577
0.02577
0.02062
0.02062
0.02062
0.02062
0.02062
0.02062
0.02062
0.02062
0.01546
0.01546
0.01546
0.01546
0.01546
0.01546
0.01546
0.01546
0.01546
0.01546
0.01546
0.01546
0.01546
0.01546
0.01546
0.01031
0.01031
0.01031
0.01031
0.01031
0.01031
0.01031
0.01031
0.01031
0.01031
0.01031
0.01031
0.00515
0.00515
0.00515
0.00515
0.00515
0.00515
0.00515
0.00515
0.00515
0.00515
0.00515
0.00515
0.00515
0.00515
0.00515
0.00515
0.00515
0.00515
0.00515
0.00515
0.00515
0.00515
0.00515
0.40000
0.28000
0.23529
0.18118
0.15765
0.13882
0.12235
0.10824
0.09647
0.08706
0.08000
0.07059
0.06353
0.06353
0.04941
0.04706
0.04706
0.04471
0.04471
0.04235
0.04000
0.04000
0.03765
0.03765
0.03529
0.03529
0.03529
0.03529
0.03294
0.03059
0.03059
0.03059
0.02824
0.02824
0.02588
0.02588
0.02588
0.02588
0.02588
0.02588
0.02353
0.02118
0.02118
0.02118
0.01882
0.01882
0.01882
0.01647
0.01647
0.01647
0.01647
0.01176
0.01176
0.01176
0.01176
0.01176
0.01176
0.00941
0.00941
0.00941
0.00941
0.00706
0.00706
0.00706
0.00706
0.00706
0.00706
0.00706
0.00471
0.00471
0.00471
0.00471
0.00471
0.00471
0.00471
0.00471
0.00471
0.00471
0.00471
0.00471
0.00471
0.00471
0.00471
0.00471
0.00471
0.00235
0.00235
0.00235
0.00235
0.00235
0.00235
0.00235
0.00235
0.00235
0.00235
0.00235
0.32331
0.21805
0.18797
0.15789
0.14286
0.14286
0.13534
0.12782
0.12030
0.11278
0.10526
0.08271
0.08271
0.07519
0.07519
0.06015
0.06015
0.05263
0.05263
0.05263
0.05263
0.05263
0.05263
0.04511
0.04511
0.04511
0.04511
0.04511
0.04511
0.03759
0.03759
0.03759
0.03759
0.03759
0.03759
0.03759
0.03759
0.03759
0.03759
0.03008
0.03008
0.03008
0.03008
0.03008
0.03008
0.03008
0.03008
0.03008
0.03008
0.02256
0.02256
0.02256
0.02256
0.02256
0.02256
0.02256
0.02256
0.02256
0.02256
0.02256
0.02256
0.02256
0.01504
0.01504
0.01504
0.01504
0.01504
0.01504
0.01504
0.01504
0.01504
0.01504
0.01504
0.01504
0.01504
0.00752
0.00752
0.00752
0.00752
0.00752
0.00752
0.00752
0.00752
0.00752
0.00752
0.00752
0.00752
0.00752
0.00752
0.00752
0.00752
0.00752
0.00752
0.00752
0.00752
0.00752
0.00752
0.00752
0.00752
0.00752
0.00752
0.17719
0.16374
0.13450
0.12456
0.08246
0.07661
0.07368
0.07018
0.06842
0.06433
0.06257
0.05322
0.05322
0.05146
0.04327
0.04269
0.04094
0.03977
0.03743
0.03743
0.03567
0.03567
0.03450
0.03392
0.03392
0.03392
0.03333
0.03333
0.03333
0.03216
0.03158
0.02924
0.02924
0.02749
0.02632
0.02515
0.02456
0.02222
0.02164
0.02105
0.02105
0.01988
0.01988
0.01988
0.01871
0.01813
0.01813
0.01462
0.01462
0.01404
0.01404
0.01404
0.01404
0.01345
0.01345
0.01345
0.01287
0.01287
0.01228
0.01111
0.00994
0.00936
0.00877
0.00819
0.00819
0.00760
0.00760
0.00702
0.00702
0.00702
0.00702
0.00702
0.00643
0.00643
0.00585
0.00585
0.00585
0.00585
0.00585
0.00526
0.00526
0.00526
0.00526
0.00526
0.00526
0.00526
0.00526
0.00526
0.00526
0.00526
0.00468
0.00468
0.00468
0.00468
0.00468
0.00409
0.00409
0.00409
0.00351
0.00351
0.00351
0.00351
0.00351
0.00351
0.00292
0.00292
0.00234
0.00234
0.00234
0.00234
0.00234
0.00234
0.00175
0.00175
0.00175
0.00175
0.00117
0.00058
0.35673
0.18713
0.18421
0.16959
0.09942
0.09357
0.08772
0.07018
0.06725
0.06433
0.05848
0.05556
0.05556
0.05556
0.05556
0.05263
0.04971
0.04678
0.04386
0.04386
0.03801
0.03801
0.03801
0.03801
0.03801
0.03801
0.03509
0.03509
0.03509
0.03216
0.03216
0.03216
0.03216
0.03216
0.03216
0.03216
0.02924
0.02924
0.02924
0.02632
0.02632
0.02339
0.02339
0.02339
0.02339
0.02339
0.02339
0.02339
0.02047
0.02047
0.02047
0.02047
0.02047
0.02047
0.01754
0.01754
0.01754
0.01754
0.01754
0.01754
0.01754
0.01754
0.01754
0.01462
0.01462
0.01462
0.01462
0.01462
0.01170
0.01170
0.01170
0.01170
0.01170
0.01170
0.01170
0.01170
0.00877
0.00877
0.00877
0.00877
0.00877
0.00877
0.00877
0.00585
0.00585
0.00585
0.00585
0.00585
0.00585
0.00585
0.00585
0.00292
0.00292
0.00292
0.00292
0.00292
0.00292
0.00292
0.00292
0.00292
0.56863
0.48366
0.47059
0.35948
0.23529
0.16993
0.13725
0.13725
0.12418
0.12418
0.10458
0.08497
0.08497
0.07190
0.07190
0.07190
0.06536
0.06536
0.05882
0.05882
0.05882
0.05229
0.04575
0.04575
0.03922
0.03922
0.03268
0.03268
0.03268
0.03268
0.03268
0.02614
0.02614
0.02614
0.02614
0.02614
0.02614
0.02614
0.02614
0.02614
0.02614
0.02614
0.01961
0.01961
0.01961
0.01961
0.01961
0.01961
0.01961
0.01307
0.01307
0.01307
0.01307
0.01307
0.01307
0.01307
0.01307
0.01307
0.01307
0.01307
0.01307
0.01307
0.01307
0.01307
0.00654
0.00654
0.00654
0.00654
0.00654
0.00654
0.00654
0.00654
0.00654
0.00654
0.00654
0.00654
0.00654
0.00654
0.00654
0.00654
0.17500
0.16250
0.11250
0.10000
0.10000
0.10000
0.10000
0.07500
0.07500
0.07500
0.06250
0.06250
0.06250
0.06250
0.06250
0.06250
0.05000
0.05000
0.05000
0.05000
0.05000
0.05000
0.05000
0.05000
0.05000
0.05000
0.05000
0.05000
0.05000
0.05000
0.05000
0.05000
0.05000
0.05000
0.05000
0.05000
0.03750
0.03750
0.03750
0.03750
0.03750
0.03750
0.03750
0.03750
0.03750
0.03750
0.03750
0.03750
0.03750
0.03750
0.03750
0.03750
0.03750
0.03750
0.03750
0.03750
0.03750
0.03750
0.03750
0.03750
0.03750
0.03750
0.03750
0.03750
0.03750
0.03750
0.03750
0.03750
0.03750
0.03750
0.03750
0.02500
0.02500
0.02500
0.02500
0.02500
0.02500
0.02500
0.02500
0.02500
0.02500
0.02500
0.02500
0.02500
0.02500
0.02500
0.02500
0.02500
0.02500
0.02500
0.02500
0.02500
0.02500
0.02500
0.02500
0.02500
0.02500
0.02500
0.02500
0.02500
0.02500
0.01250
0.01250
0.01250
0.01250
0.01250
0.01250
0.01250
0.01250
0.01250
0.01250
0.01250
0.01250
0.01250
0.01250
0.01250
0.01250
0.01250
0.01250
0.01250
0.01250
0.01250
0.01250
0.01250
0.01250
0.01250
0.01250
0.01250
0.01250
0.01250
0.01250
0.01250
0.01250
0.01250
0.01250
0.01250
0.01250
0.01250
0.01250
0.01250
0.12142
0.11152
0.10901
0.07504
0.07267
0.07245
0.06979
0.06536
0.06359
0.05399
0.05192
0.04963
0.04948
0.04830
0.04631
0.04527
0.04490
0.04439
0.04335
0.04202
0.04069
0.04040
0.03951
0.03722
0.03663
0.03538
0.03501
0.03493
0.03479
0.03316
0.03309
0.03257
0.03168
0.03013
0.02984
0.02873
0.02688
0.02578
0.02474
0.02467
0.02400
0.02400
0.02319
0.02304
0.02194
0.02186
0.02171
0.01883
0.01846
0.01839
0.01706
0.01699
0.01684
0.01588
0.01455
0.01418
0.01315
0.01300
0.01256
0.01182
0.01137
0.01100
0.01093
0.01034
0.00990
0.00982
0.00908
0.00901
0.00857
0.00835
0.00820
0.00820
0.00805
0.00775
0.00775
0.00761
0.00739
0.00724
0.00694
0.00672
0.00643
0.00628
0.00620
0.00620
0.00613
0.00591
0.00591
0.00569
0.00569
0.00517
0.00517
0.00510
0.00436
0.00406
0.00406
0.00391
0.00384
0.00384
0.00377
0.00362
0.00332
0.00332
0.00318
0.00318
0.00318
0.00303
0.00303
0.00281
0.00273
0.00251
0.00244
0.00236
0.00236
0.00236
0.00207
0.00192
0.09527
0.06185
0.05916
0.05225
0.05186
0.04879
0.04764
0.04572
0.04533
0.04456
0.04149
0.04034
0.03880
0.03765
0.03726
0.03688
0.03650
0.03573
0.03534
0.03265
0.02997
0.02958
0.02843
0.02843
0.02804
0.02766
0.02689
0.02574
0.02536
0.02536
0.02497
0.02420
0.02382
0.02343
0.02075
0.01921
0.01806
0.01806
0.01767
0.01690
0.01421
0.01421
0.01345
0.01306
0.01268
0.01229
0.01191
0.01114
0.01114
0.01076
0.01076
0.01037
0.00999
0.00999
0.00999
0.00960
0.00884
0.00884
0.00845
0.00807
0.00730
0.00615
0.00615
0.00461
0.00384
0.00346
0.00307
0.00231
0.00154
0.41085
0.34884
0.14729
0.13178
0.11628
0.10853
0.10853
0.10853
0.09302
0.08527
0.08527
0.07752
0.07752
0.06977
0.06977
0.06977
0.06202
0.05426
0.05426
0.04651
0.04651
0.04651
0.04651
0.04651
0.04651
0.03876
0.03876
0.03876
0.03876
0.03876
0.03876
0.03876
0.03876
0.03876
0.03876
0.03876
0.03876
0.03101
0.03101
0.03101
0.03101
0.03101
0.03101
0.03101
0.03101
0.03101
0.03101
0.03101
0.02326
0.02326
0.02326
0.02326
0.02326
0.02326
0.02326
0.02326
0.02326
0.02326
0.02326
0.01550
0.01550
0.01550
0.01550
0.01550
0.01550
0.01550
0.01550
0.01550
0.01550
0.01550
0.01550
0.01550
0.01550
0.01550
0.01550
0.01550
0.01550
0.01550
0.00775
0.00775
0.00775
0.00775
0.00775
0.00775
0.00775
0.00775
0.00775
0.00775
0.00775
0.00775
0.00775
0.00775
0.00775
0.00775
0.00775
0.00775
0.00775
0.00775
0.00775
0.00775
0.00775
0.00775
0.00775
0.00775
0.00775
0.00775
0.00775
0.00775
0.00775
0.00775
0.00775
0.00775
0.00775
0.00775
0.00775
0.00775
0.00775
0.00775
0.42928
0.33086
0.30366
0.14342
0.13501
0.12562
0.12413
0.10237
0.07864
0.07814
0.07715
0.07171
0.06825
0.06231
0.05935
0.05935
0.05589
0.05242
0.05242
0.04946
0.04748
0.04649
0.04500
0.04352
0.04352
0.04253
0.04253
0.04154
0.03956
0.03709
0.03511
0.03462
0.03215
0.03165
0.02967
0.02918
0.02918
0.02918
0.02770
0.02720
0.02621
0.02572
0.02522
0.02473
0.02374
0.02374
0.02077
0.01978
0.01929
0.01879
0.01780
0.01731
0.01731
0.01682
0.01632
0.01533
0.01385
0.01335
0.01236
0.01137
0.01039
0.00989
0.00989
0.00989
0.00940
0.00841
0.00643
0.00544
0.00544
0.00544
0.00544
0.00544
0.00544
0.00495
0.00495
0.00396
0.00396
0.00346
0.00297
0.00297
0.00247
0.00247
0.00247
0.00247
0.00198
0.00198
0.00198
0.00198
0.00198
0.00198
0.00198
0.00198
0.00148
0.00148
0.00148
0.00148
0.00148
0.00148
0.00099
0.00099
0.00099
0.00099
0.00099
0.00099
0.00099
0.00099
0.00099
0.00049
0.43217
0.33182
0.30459
0.14473
0.13565
0.12658
0.12305
0.10388
0.07867
0.07816
0.07514
0.07161
0.06707
0.06304
0.05850
0.05698
0.05648
0.05144
0.05093
0.04942
0.04841
0.04589
0.04539
0.04387
0.04337
0.04236
0.04186
0.04135
0.03933
0.03681
0.03580
0.03429
0.03177
0.03127
0.03026
0.02925
0.02925
0.02824
0.02774
0.02774
0.02673
0.02521
0.02521
0.02421
0.02421
0.02370
0.02370
0.02068
0.02017
0.01916
0.01866
0.01815
0.01765
0.01715
0.01664
0.01664
0.01513
0.01412
0.01362
0.01261
0.01109
0.01009
0.01009
0.01009
0.00958
0.00958
0.00807
0.00656
0.00555
0.00555
0.00555
0.00555
0.00555
0.00504
0.00504
0.00504
0.00454
0.00403
0.00353
0.00353
0.00303
0.00252
0.00252
0.00252
0.00252
0.00252
0.00202
0.00202
0.00202
0.00202
0.00202
0.00202
0.00202
0.00151
0.00151
0.00151
0.00151
0.00151
0.00151
0.00151
0.00101
0.00101
0.00101
0.00101
0.00101
0.00050
0.00050
0.00050
0.00050
0.00050
0.12281
0.10526
0.08187
0.07602
0.07018
0.05848
0.05848
0.05848
0.05263
0.04094
0.04094
0.04094
0.04094
0.04094
0.04094
0.03509
0.03509
0.03509
0.03509
0.03509
0.03509
0.03509
0.03509
0.02924
0.02924
0.02924
0.02339
0.02339
0.02339
0.02339
0.02339
0.02339
0.01754
0.01754
0.01754
0.01754
0.01754
0.01754
0.01754
0.01754
0.01754
0.01754
0.01170
0.01170
0.01170
0.01170
0.01170
0.01170
0.01170
0.01170
0.01170
0.01170
0.01170
0.01170
0.00585
0.00585
0.00585
0.00585
0.00585
0.00585
0.00585
0.00585
0.00585
0.00585
0.00585
0.00585
0.00585
0.12000
0.08000
0.06667
0.06667
0.06667
0.06667
0.06667
0.05333
0.05333
0.05333
0.05333
0.05333
0.05333
0.05333
0.05333
0.05333
0.04000
0.04000
0.04000
0.04000
0.04000
0.04000
0.04000
0.04000
0.04000
0.04000
0.04000
0.04000
0.04000
0.02667
0.02667
0.02667
0.02667
0.02667
0.02667
0.02667
0.02667
0.02667
0.02667
0.02667
0.02667
0.02667
0.02667
0.02667
0.02667
0.01333
0.01333
0.01333
0.01333
0.01333
0.01333
0.01333
0.01333
0.01333
0.01333
0.01333
0.01333
0.01333
0.01333
0.01333
0.01333
0.01333
0.01333
0.01333
0.01333
0.01333
0.01333
0.01333
0.01333
0.01333
0.01333
0.15309
0.13935
0.11727
0.11629
0.08292
0.07409
0.07262
0.06379
0.05790
0.05447
0.05299
0.05299
0.04661
0.04612
0.04465
0.04416
0.04122
0.04024
0.03680
0.03631
0.03533
0.03435
0.03386
0.03337
0.03288
0.03189
0.03140
0.03140
0.03140
0.02944
0.02944
0.02895
0.02895
0.02846
0.02797
0.02552
0.02453
0.02306
0.02159
0.02110
0.02061
0.02012
0.01963
0.01865
0.01816
0.01766
0.01766
0.01570
0.01472
0.01472
0.01374
0.01325
0.01325
0.01276
0.01276
0.01276
0.01276
0.01178
0.01129
0.01129
0.00981
0.00932
0.00883
0.00883
0.00883
0.00834
0.00785
0.00736
0.00687
0.00687
0.00687
0.00638
0.00638
0.00638
0.00638
0.00638
0.00589
0.00589
0.00589
0.00540
0.00540
0.00540
0.00540
0.00540
0.00540
0.00491
0.00491
0.00491
0.00491
0.00491
0.00491
0.00442
0.00442
0.00442
0.00442
0.00442
0.00393
0.00393
0.00393
0.00343
0.00294
0.00294
0.00294
0.00294
0.00294
0.00294
0.00294
0.00245
0.00245
0.00245
0.00245
0.00245
0.00196
0.00196
0.00196
0.00147
0.00147
0.00147
0.00049
0.29315
0.26849
0.13699
0.10959
0.09863
0.09041
0.08493
0.07671
0.07397
0.06849
0.06575
0.06575
0.06575
0.06575
0.06301
0.06027
0.05479
0.05205
0.05205
0.04384
0.04110
0.04110
0.04110
0.03836
0.03836
0.03836
0.03836
0.03836
0.03288
0.03288
0.03288
0.03288
0.03288
0.03288
0.03288
0.03014
0.03014
0.03014
0.03014
0.03014
0.02740
0.02740
0.02740
0.02740
0.02466
0.02466
0.02466
0.02192
0.02192
0.02192
0.02192
0.02192
0.02192
0.02192
0.01918
0.01918
0.01918
0.01644
0.01644
0.01644
0.01644
0.01644
0.01644
0.01370
0.01370
0.01370
0.01370
0.01370
0.01370
0.01370
0.01096
0.01096
0.01096
0.01096
0.01096
0.01096
0.01096
0.01096
0.01096
0.01096
0.01096
0.01096
0.01096
0.01096
0.00822
0.00822
0.00822
0.00822
0.00822
0.00822
0.00822
0.00822
0.00822
0.00822
0.00822
0.00822
0.00822
0.00548
0.00548
0.00548
0.00548
0.00548
0.00548
0.00548
0.00548
0.00548
0.00548
0.00548
0.00548
0.00548
0.00548
0.00548
0.00548
0.00548
0.00274
0.00274
0.00274
0.00274
0.00274
0.00274
0.00274
0.00274
0.00274
0.00274
0.00274
0.00274
0.00274
0.00274
0.00274
0.00274
0.00274
0.00274
0.00274
0.00274
0.00274
0.00274
0.00274
0.00274
0.09419
0.08609
0.07947
0.06549
0.06475
0.05519
0.05519
0.05004
0.05004
0.04857
0.04415
0.04268
0.04194
0.04121
0.04047
0.03900
0.03900
0.03385
0.03164
0.03164
0.03091
0.03017
0.02943
0.02796
0.02649
0.02649
0.02502
0.02428
0.02355
0.02281
0.02281
0.02134
0.02060
0.02060
0.01987
0.01840
0.01545
0.01545
0.01545
0.01545
0.01472
0.01472
0.01472
0.01398
0.01325
0.01325
0.01251
0.01251
0.01251
0.01251
0.01251
0.01177
0.01177
0.01177
0.01177
0.01104
0.01104
0.01104
0.01030
0.01030
0.01030
0.00957
0.00957
0.00883
0.00883
0.00809
0.00809
0.00809
0.00736
0.00736
0.00736
0.00736
0.00662
0.00662
0.00662
0.00662
0.00589
0.00589
0.00589
0.00515
0.00515
0.00515
0.00515
0.00442
0.00442
0.00442
0.00442
0.00368
0.00368
0.00368
0.00368
0.00294
0.00294
0.00294
0.00221
0.00221
0.00221
0.00147
0.00074
0.00074
0.00074
0.15060
0.10241
0.10241
0.09036
0.09036
0.08434
0.07229
0.06627
0.06627
0.06627
0.06627
0.06024
0.06024
0.05422
0.04819
0.04819
0.04819
0.04819
0.04819
0.04217
0.04217
0.04217
0.04217
0.04217
0.04217
0.04217
0.04217
0.03614
0.03614
0.03614
0.03614
0.03614
0.03614
0.03012
0.03012
0.03012
0.03012
0.03012
0.03012
0.03012
0.03012
0.03012
0.03012
0.03012
0.03012
0.02410
0.02410
0.02410
0.02410
0.02410
0.02410
0.01807
0.01807
0.01807
0.01807
0.01807
0.01807
0.01807
0.01807
0.01807
0.01807
0.01807
0.01807
0.01807
0.01205
0.01205
0.01205
0.01205
0.01205
0.01205
0.01205
0.01205
0.01205
0.01205
0.01205
0.01205
0.01205
0.01205
0.00602
0.00602
0.00602
0.00602
0.00602
0.00602
0.00602
0.00602
0.00602
0.00602
0.00602
0.00602
0.00602
0.00602
0.00602
0.00602
0.00602
0.00602
0.20129
0.15419
0.10935
0.09129
0.08968
0.08290
0.07871
0.07032
0.06710
0.06613
0.06581
0.06161
0.06097
0.06065
0.05935
0.05194
0.04774
0.04710
0.04258
0.04194
0.04000
0.03839
0.03806
0.03774
0.03710
0.03452
0.03419
0.03355
0.03290
0.03290
0.03161
0.03129
0.03032
0.03032
0.02774
0.02645
0.02613
0.02581
0.02419
0.02387
0.02355
0.02290
0.02258
0.02258
0.02194
0.02129
0.02129
0.02097
0.02097
0.01968
0.01968
0.01935
0.01935
0.01871
0.01871
0.01839
0.01710
0.01677
0.01613
0.01613
0.01548
0.01419
0.01387
0.01290
0.01290
0.01226
0.01161
0.01129
0.01129
0.01097
0.01032
0.01032
0.00968
0.00968
0.00968
0.00968
0.00968
0.00935
0.00935
0.00935
0.00871
0.00871
0.00839
0.00806
0.00806
0.00774
0.00774
0.00774
0.00742
0.00710
0.00645
0.00645
0.00645
0.00613
0.00613
0.00581
0.00548
0.00548
0.00516
0.00516
0.00484
0.00419
0.00419
0.00323
0.00323
0.00323
0.00290
0.00290
0.00290
0.00290
0.00290
0.00290
0.00290
0.00258
0.00258
0.00226
0.00194
0.00129
0.00097
0.00065
0.25316
0.22785
0.16456
0.12658
0.12658
0.12658
0.11392
0.11392
0.11392
0.11392
0.10127
0.10127
0.08861
0.08861
0.07595
0.07595
0.07595
0.07595
0.07595
0.07595
0.06329
0.06329
0.06329
0.06329
0.05063
0.05063
0.05063
0.05063
0.05063
0.05063
0.05063
0.05063
0.05063
0.05063
0.05063
0.05063
0.05063
0.05063
0.05063
0.05063
0.05063
0.03797
0.03797
0.03797
0.03797
0.03797
0.03797
0.03797
0.03797
0.03797
0.03797
0.03797
0.03797
0.03797
0.03797
0.03797
0.03797
0.02532
0.02532
0.02532
0.02532
0.02532
0.02532
0.02532
0.02532
0.02532
0.02532
0.02532
0.02532
0.02532
0.02532
0.02532
0.02532
0.02532
0.02532
0.02532
0.02532
0.02532
0.02532
0.02532
0.02532
0.02532
0.01266
0.01266
0.01266
0.01266
0.01266
0.01266
0.01266
0.01266
0.01266
0.01266
0.01266
0.01266
0.01266
0.01266
0.01266
0.01266
0.01266
0.01266
0.01266
0.01266
0.01266
0.01266
0.01266
0.01266
0.01266
0.01266
0.01266
0.01266
0.01266
0.01266
0.01266
0.01266
0.01266
0.01266
0.01266
0.01266
0.01266
0.01266
0.16000
0.16000
0.12000
0.12000
0.10000
0.10000
0.08000
0.06000
0.06000
0.06000
0.06000
0.06000
0.06000
0.06000
0.06000
0.06000
0.06000
0.06000
0.04000
0.04000
0.04000
0.04000
0.04000
0.04000
0.02000
0.02000
0.02000
0.02000
0.02000
0.02000
0.02000
0.02000
0.02000
0.02000
0.02000
0.02000
0.02000
0.02000
0.02000
0.02000
0.02000
0.02000
0.14124
0.10734
0.08475
0.07910
0.07345
0.05650
0.04520
0.04520
0.04520
0.03955
0.03955
0.03955
0.03955
0.03955
0.03955
0.03955
0.03390
0.03390
0.03390
0.03390
0.03390
0.03390
0.03390
0.03390
0.03390
0.03390
0.03390
0.03390
0.02825
0.02825
0.02825
0.02825
0.02825
0.02825
0.02825
0.02260
0.02260
0.02260
0.02260
0.01695
0.01695
0.01695
0.01695
0.01695
0.01695
0.01695
0.01130
0.01130
0.01130
0.01130
0.01130
0.01130
0.01130
0.00565
0.00565
0.00565
0.00565
0.00565
0.00565
0.00565
0.00565
0.00565
0.00565
0.00565
0.00565
0.39130
0.34783
0.15217
0.15217
0.15217
0.11957
0.11957
0.11957
0.10870
0.10870
0.10870
0.10870
0.10870
0.10870
0.09783
0.08696
0.08696
0.08696
0.08696
0.08696
0.08696
0.06522
0.06522
0.05435
0.05435
0.05435
0.05435
0.05435
0.05435
0.05435
0.05435
0.04348
0.04348
0.04348
0.04348
0.04348
0.04348
0.04348
0.04348
0.04348
0.04348
0.04348
0.04348
0.04348
0.03261
0.03261
0.03261
0.03261
0.03261
0.03261
0.03261
0.03261
0.03261
0.03261
0.03261
0.03261
0.03261
0.03261
0.03261
0.03261
0.03261
0.03261
0.03261
0.03261
0.03261
0.03261
0.02174
0.02174
0.02174
0.02174
0.02174
0.02174
0.02174
0.02174
0.02174
0.02174
0.02174
0.02174
0.02174
0.02174
0.02174
0.02174
0.02174
0.02174
0.02174
0.02174
0.02174
0.02174
0.02174
0.02174
0.02174
0.02174
0.02174
0.02174
0.02174
0.02174
0.02174
0.02174
0.02174
0.02174
0.02174
0.01087
0.01087
0.01087
0.01087
0.01087
0.01087
0.01087
0.01087
0.01087
0.01087
0.01087
0.01087
0.01087
0.01087
0.01087
0.01087
0.01087
0.01087
0.01087
0.01087
0.01087
0.01087
0.01087
0.01087
0.01087
0.01087
0.01087
0.01087
0.01087
0.01087
0.01087
0.01087
0.01087
0.01087
0.01087
0.01087
0.01087
0.01087
0.13657
0.12898
0.10926
0.08953
0.08649
0.08498
0.07436
0.06829
0.06829
0.06222
0.05918
0.05615
0.05311
0.05008
0.04856
0.04704
0.04704
0.04401
0.04097
0.03794
0.03642
0.03642
0.03490
0.03187
0.03187
0.03035
0.03035
0.02883
0.02883
0.02731
0.02580
0.02580
0.02428
0.02276
0.02276
0.02276
0.02276
0.02124
0.01973
0.01973
0.01973
0.01973
0.01821
0.01821
0.01669
0.01669
0.01669
0.01669
0.01669
0.01669
0.01669
0.01669
0.01669
0.01517
0.01517
0.01366
0.01366
0.01366
0.01366
0.01366
0.01366
0.01366
0.01366
0.01214
0.01062
0.01062
0.01062
0.01062
0.01062
0.00910
0.00910
0.00910
0.00910
0.00910
0.00910
0.00910
0.00759
0.00759
0.00759
0.00759
0.00759
0.00759
0.00759
0.00759
0.00759
0.00759
0.00607
0.00607
0.00607
0.00607
0.00607
0.00607
0.00607
0.00455
0.00455
0.00455
0.00455
0.00455
0.00455
0.00455
0.00455
0.00455
0.00455
0.00455
0.00455
0.00303
0.00303
0.00303
0.00303
0.00303
0.00303
0.00303
0.00303
0.00303
0.00303
0.00303
0.00303
0.00152
0.00152
0.00152
0.00152
0.00152
0.00152
0.00152
0.00152
0.00152
0.43750
0.40000
0.17500
0.16250
0.13750
0.13750
0.13750
0.12500
0.12500
0.12500
0.12500
0.12500
0.11250
0.11250
0.11250
0.10000
0.10000
0.10000
0.10000
0.08750
0.08750
0.07500
0.06250
0.06250
0.06250
0.06250
0.06250
0.06250
0.05000
0.05000
0.05000
0.05000
0.05000
0.05000
0.05000
0.05000
0.05000
0.05000
0.05000
0.03750
0.03750
0.03750
0.03750
0.03750
0.03750
0.03750
0.03750
0.03750
0.03750
0.03750
0.03750
0.03750
0.03750
0.03750
0.03750
0.03750
0.03750
0.03750
0.03750
0.02500
0.02500
0.02500
0.02500
0.02500
0.02500
0.02500
0.02500
0.02500
0.02500
0.02500
0.02500
0.02500
0.02500
0.02500
0.02500
0.02500
0.02500
0.02500
0.02500
0.02500
0.01250
0.01250
0.01250
0.01250
0.01250
0.01250
0.01250
0.01250
0.01250
0.01250
0.01250
0.01250
0.01250
0.01250
0.01250
0.01250
0.01250
0.01250
0.01250
0.01250
0.01250
0.01250
0.01250
0.01250
0.01250
0.01250
0.01250
0.01250
0.01250
0.01250
0.01250
0.01250
0.01250
