0.24066
0.20747
0.18672
0.16183
0.12448
0.12448
0.11203
0.09959
0.09959
0.09544
0.08299
0.07884
0.07884
0.07884
0.07469
0.07469
0.07054
0.07054
0.07054
0.06224
0.06224
0.06224
0.05809
0.05809
0.05809
0.05394
0.05394
0.05394
0.04979
0.04979
0.04979
0.04564
0.04564
0.04564
0.04564
0.04564
0.04564
0.04564
0.04564
0.04564
0.04149
0.04149
0.04149
0.04149
0.04149
0.04149
0.03734
0.03734
0.03734
0.03734
0.03734
0.03734
0.03734
0.03734
0.03320
0.03320
0.03320
0.03320
0.03320
0.03320
0.03320
0.03320
0.03320
0.03320
0.03320
0.02905
0.02905
0.02905
0.02905
0.02905
0.02905
0.02905
0.02905
0.02905
0.02905
0.02905
0.02905
0.02905
0.02905
0.02490
0.02490
0.02490
0.02490
0.02490
0.02490
0.02490
0.02490
0.02490
0.02490
0.02490
0.02490
0.02490
0.02490
0.02490
0.02490
0.02490
0.02490
0.02490
0.02490
0.02075
0.02075
0.02075
0.02075
0.02075
0.02075
0.02075
0.02075
0.02075
0.01660
0.01660
0.01660
0.01660
0.01660
0.01660
0.01660
0.01660
0.01660
0.01660
0.01660
0.01660
0.01245
0.01245
0.01245
0.01245
0.01245
0.01245
0.00830
0.00830
0.00830
0.00830
0.00830
0.00415
0.00415
0.00415
0.00415
0.00415
0.00415
0.00415
0.27518
0.26196
0.24930
0.23073
0.22285
0.21975
0.21694
0.21412
0.20737
0.20174
0.18852
0.17867
0.15869
0.15082
0.13140
0.12549
0.10974
0.09876
0.09792
0.09426
0.09342
0.09285
0.09060
0.08920
0.08666
0.08610
0.08497
0.08188
0.08160
0.08104
0.08019
0.07653
0.07597
0.07203
0.07062
0.06837
0.06725
0.06640
0.06528
0.06190
0.05853
0.05853
0.05487
0.05459
0.05431
0.05346
0.05346
0.05318
0.05234
0.05065
0.04952
0.04924
0.04896
0.04811
0.04811
0.04727
0.04671
0.04558
0.04474
0.04474
0.04305
0.04249
0.04249
0.04192
0.04164
0.04108
0.03939
0.03855
0.03714
0.03602
0.03573
0.03545
0.03489
0.03433
0.03376
0.03376
0.03348
0.03320
0.03264
0.03208
0.03180
0.03180
0.03151
0.03123
0.03011
0.02954
0.02954
0.02898
0.02870
0.02870
0.02842
0.02786
0.02701
0.02673
0.02645
0.02645
0.02645
0.02617
0.02617
0.02560
0.02476
0.02476
0.02364
0.02223
0.02195
0.02167
0.02138
0.02054
0.01970
0.01885
0.01829
0.01407
0.01266
0.01210
0.01125
0.01041
0.00929
0.00929
0.00900
0.00872
0.00788
0.00506
0.00422
0.00366
0.29250
0.29000
0.28750
0.26250
0.25500
0.23250
0.22250
0.20000
0.17750
0.17250
0.15750
0.15750
0.15500
0.14250
0.13750
0.13750
0.13000
0.12500
0.12250
0.12000
0.12000
0.10500
0.10500
0.10250
0.10250
0.09750
0.09250
0.09250
0.08750
0.08000
0.07500
0.07250
0.07250
0.07250
0.07000
0.07000
0.07000
0.07000
0.06750
0.06750
0.06500
0.06500
0.06500
0.06500
0.06250
0.06000
0.06000
0.06000
0.05750
0.05500
0.05500
0.05500
0.05500
0.05000
0.05000
0.05000
0.04750
0.04750
0.04750
0.04500
0.04500
0.04500
0.04250
0.04250
0.04250
0.04250
0.04250
0.04000
0.04000
0.04000
0.04000
0.04000
0.04000
0.04000
0.03750
0.03750
0.03750
0.03750
0.03750
0.03750
0.03750
0.03750
0.03750
0.03500
0.03500
0.03500
0.03500
0.03500
0.03500
0.03500
0.03250
0.03250
0.03250
0.03250
0.03000
0.03000
0.03000
0.03000
0.03000
0.03000
0.03000
0.03000
0.03000
0.02750
0.02750
0.02750
0.02750
0.02750
0.02500
0.02500
0.02500
0.02500
0.02500
0.02500
0.02500
0.02500
0.02500
0.02250
0.02250
0.02000
0.02000
0.02000
0.02000
0.02000
0.02000
0.02000
0.02000
0.01750
0.01750
0.01750
0.01750
0.01750
0.01750
0.01750
0.01500
0.01500
0.01500
0.01500
0.01000
0.01000
0.01000
0.01000
0.00750
0.00750
0.23138
0.21277
0.18351
0.16489
0.14894
0.13032
0.11968
0.11702
0.10904
0.10638
0.10372
0.09309
0.08777
0.08777
0.08511
0.07979
0.07447
0.07447
0.07447
0.07447
0.07181
0.06915
0.06915
0.06915
0.06649
0.06649
0.06649
0.06649
0.06383
0.06383
0.06117
0.06117
0.06117
0.06117
0.06117
0.05851
0.05585
0.05319
0.05319
0.05319
0.05053
0.05053
0.05053
0.04787
0.04787
0.04787
0.04787
0.04787
0.04521
0.04521
0.04255
0.04255
0.04255
0.04255
0.03989
0.03989
0.03989
0.03989
0.03989
0.03723
0.03723
0.03723
0.03457
0.03457
0.03457
0.03457
0.03457
0.03191
0.03191
0.03191
0.03191
0.03191
0.03191
0.03191
0.03191
0.02926
0.02926
0.02926
0.02926
0.02926
0.02926
0.02926
0.02926
0.02926
0.02660
0.02660
0.02660
0.02660
0.02660
0.02660
0.02660
0.02660
0.02660
0.02394
0.02394
0.02394
0.02394
0.02394
0.02394
0.02394
0.02394
0.02394
0.02394
0.02394
0.02394
0.02128
0.02128
0.02128
0.02128
0.02128
0.01862
0.01862
0.01862
0.01862
0.01862
0.01862
0.01862
0.01862
0.01862
0.01862
0.01862
0.01862
0.01596
0.01596
0.01596
0.01596
0.01596
0.01596
0.01596
0.01330
0.01330
0.01330
0.01064
0.01064
0.01064
0.01064
0.01064
0.01064
0.01064
0.01064
0.01064
0.01064
0.01064
0.01064
0.01064
0.01064
0.00798
0.00798
0.00798
0.00798
0.00798
0.00532
0.00532
0.00532
0.00532
0.00532
0.00532
0.00532
0.00532
0.00532
0.00532
0.00532
0.00532
0.00266
0.00266
0.00266
0.00266
0.00266
0.00266
0.00266
0.00266
0.21194
0.20299
0.20000
0.19701
0.19104
0.18507
0.15821
0.13731
0.12537
0.12239
0.12239
0.12239
0.11940
0.11642
0.11343
0.10149
0.09552
0.09254
0.08955
0.08657
0.08657
0.08657
0.08657
0.08358
0.08358
0.08358
0.08060
0.08060
0.07761
0.07463
0.07463
0.07463
0.07463
0.07164
0.07164
0.06269
0.06269
0.05970
0.05970
0.05672
0.05373
0.05373
0.04776
0.04776
0.04776
0.04478
0.04478
0.04478
0.04478
0.04478
0.04179
0.04179
0.04179
0.04179
0.03881
0.03881
0.03881
0.03881
0.03881
0.03881
0.03582
0.03582
0.03582
0.03582
0.03582
0.03582
0.03582
0.03284
0.03284
0.03284
0.03284
0.03284
0.03284
0.03284
0.03284
0.02985
0.02985
0.02985
0.02985
0.02985
0.02985
0.02985
0.02985
0.02687
0.02687
0.02687
0.02388
0.02090
0.01791
0.01493
0.01493
0.01194
0.00896
0.00597
0.00597
0.00299
0.26429
0.26000
0.23714
0.23000
0.22714
0.20286
0.19143
0.17571
0.17286
0.16857
0.16143
0.15429
0.15000
0.14429
0.13143
0.12857
0.12714
0.12571
0.12429
0.12000
0.11714
0.11571
0.11143
0.11143
0.11000
0.10857
0.10143
0.10000
0.09857
0.09714
0.09286
0.09143
0.09143
0.08429
0.08286
0.07714
0.06714
0.06714
0.06571
0.06571
0.06000
0.06000
0.05857
0.05857
0.05857
0.05857
0.05714
0.05571
0.05286
0.05143
0.05143
0.05143
0.05000
0.05000
0.04857
0.04857
0.04714
0.04714
0.04571
0.04571
0.04571
0.04429
0.04286
0.04286
0.04286
0.04286
0.04286
0.04000
0.04000
0.04000
0.03857
0.03857
0.03857
0.03714
0.03571
0.03571
0.03571
0.03571
0.03571
0.03429
0.03429
0.03429
0.03429
0.03429
0.03429
0.03429
0.03429
0.03429
0.03429
0.03429
0.03286
0.03286
0.03143
0.03143
0.03143
0.03000
0.03000
0.03000
0.02857
0.02857
0.02857
0.02857
0.02857
0.02857
0.02857
0.02714
0.02714
0.02714
0.02571
0.02571
0.02571
0.02571
0.02429
0.02286
0.02286
0.02286
0.02286
0.02143
0.02143
0.02143
0.02000
0.01857
0.01857
0.01857
0.01857
0.01571
0.01429
0.01429
0.01286
0.01286
0.01143
0.01000
0.01000
0.01000
0.00714
0.00714
0.00571
0.31569
0.30813
0.27410
0.26465
0.26465
0.25898
0.24575
0.20983
0.20416
0.19282
0.18715
0.18147
0.17769
0.17769
0.17202
0.16824
0.16446
0.16068
0.15879
0.15123
0.15123
0.14367
0.13989
0.13800
0.13611
0.12476
0.12476
0.12287
0.11909
0.11720
0.11531
0.11153
0.11153
0.11153
0.09641
0.09263
0.08885
0.08318
0.07940
0.07750
0.07561
0.07372
0.07372
0.07372
0.07183
0.07183
0.06994
0.06616
0.06427
0.06427
0.06427
0.06049
0.06049
0.06049
0.06049
0.06049
0.05860
0.05860
0.05671
0.05482
0.05482
0.05482
0.05293
0.05293
0.05293
0.05104
0.05104
0.05104
0.04726
0.04726
0.04726
0.04726
0.04537
0.04537
0.04537
0.04537
0.04537
0.04348
0.04348
0.04348
0.04348
0.04159
0.04159
0.04159
0.04159
0.04159
0.04159
0.04159
0.03970
0.03970
0.03970
0.03970
0.03970
0.03781
0.03781
0.03781
0.03781
0.03781
0.03781
0.03592
0.03592
0.03592
0.03592
0.03403
0.03403
0.03403
0.03403
0.03214
0.03214
0.03214
0.03214
0.03214
0.03214
0.03214
0.03214
0.03214
0.03214
0.03214
0.03025
0.03025
0.03025
0.03025
0.03025
0.03025
0.03025
0.03025
0.03025
0.02836
0.02647
0.02647
0.02647
0.02457
0.02457
0.02457
0.02457
0.02457
0.02079
0.02079
0.02079
0.02079
0.02079
0.02079
0.01701
0.01701
0.01512
0.01512
0.01512
0.01323
0.01323
0.01323
0.01134
0.01134
0.01134
0.01134
0.00945
0.00945
0.00756
0.00756
0.00567
0.27919
0.25198
0.22915
0.22739
0.21159
0.20808
0.19842
0.18701
0.17208
0.16418
0.16330
0.16330
0.16067
0.15716
0.15452
0.14311
0.14223
0.14223
0.13608
0.13345
0.13169
0.10887
0.10448
0.10184
0.10097
0.09745
0.09394
0.09306
0.09306
0.09131
0.09131
0.08867
0.08516
0.08165
0.08165
0.08077
0.07726
0.07638
0.07550
0.07112
0.06848
0.06848
0.06585
0.06321
0.06321
0.06234
0.06234
0.06058
0.06058
0.06058
0.05882
0.05882
0.05882
0.05795
0.05531
0.05443
0.05356
0.05356
0.05268
0.05180
0.05180
0.05092
0.05004
0.04917
0.04917
0.04917
0.04917
0.04829
0.04741
0.04653
0.04565
0.04565
0.04565
0.04565
0.04565
0.04390
0.04302
0.04302
0.04214
0.04214
0.04126
0.04039
0.04039
0.03951
0.03951
0.03951
0.03775
0.03775
0.03775
0.03600
0.03600
0.03600
0.03600
0.03512
0.03512
0.03512
0.03424
0.03424
0.03424
0.03336
0.03336
0.03336
0.03336
0.03336
0.03336
0.03336
0.03336
0.03336
0.03248
0.03248
0.03248
0.03248
0.03248
0.03161
0.03073
0.03073
0.03073
0.03073
0.02809
0.02809
0.02722
0.02722
0.02722
0.02722
0.02722
0.02722
0.02722
0.02634
0.02634
0.02546
0.02546
0.02458
0.02371
0.02283
0.02107
0.02107
0.02107
0.02019
0.01932
0.01844
0.01844
0.01756
0.01756
0.01668
0.01580
0.01405
0.01317
0.01229
0.01229
0.01054
0.01054
0.00966
0.00878
0.00878
0.00790
0.00702
0.00615
0.00527
0.00439
0.00351
0.00351
0.00176
0.00088
0.25000
0.23529
0.23529
0.22059
0.22059
0.20588
0.17647
0.17647
0.17647
0.16176
0.13235
0.13235
0.13235
0.13235
0.13235
0.13235
0.11765
0.11765
0.11765
0.11765
0.11765
0.11765
0.11765
0.11765
0.11765
0.11765
0.10294
0.10294
0.10294
0.10294
0.10294
0.10294
0.10294
0.08824
0.08824
0.07353
0.07353
0.07353
0.07353
0.07353
0.07353
0.07353
0.07353
0.07353
0.07353
0.05882
0.05882
0.05882
0.05882
0.05882
0.05882
0.05882
0.05882
0.05882
0.05882
0.05882
0.05882
0.05882
0.05882
0.05882
0.05882
0.04412
0.04412
0.04412
0.04412
0.04412
0.04412
0.04412
0.04412
0.04412
0.04412
0.04412
0.04412
0.04412
0.04412
0.04412
0.04412
0.04412
0.04412
0.04412
0.04412
0.04412
0.04412
0.04412
0.04412
0.02941
0.02941
0.02941
0.02941
0.02941
0.02941
0.02941
0.02941
0.02941
0.02941
0.02941
0.02941
0.02941
0.02941
0.02941
0.02941
0.02941
0.02941
0.02941
0.02941
0.02941
0.01471
0.01471
0.01471
0.01471
0.01471
0.01471
0.01471
0.01471
0.01471
0.01471
0.36000
0.30000
0.26000
0.24000
0.22000
0.20000
0.18000
0.18000
0.18000
0.16000
0.16000
0.16000
0.14000
0.14000
0.14000
0.14000
0.14000
0.14000
0.14000
0.14000
0.12000
0.12000
0.12000
0.12000
0.12000
0.12000
0.10000
0.10000
0.10000
0.10000
0.10000
0.10000
0.10000
0.10000
0.10000
0.10000
0.08000
0.08000
0.08000
0.08000
0.08000
0.08000
0.08000
0.08000
0.08000
0.08000
0.08000
0.08000
0.08000
0.08000
0.08000
0.06000
0.06000
0.06000
0.06000
0.06000
0.06000
0.06000
0.06000
0.06000
0.06000
0.06000
0.06000
0.06000
0.06000
0.06000
0.06000
0.06000
0.06000
0.06000
0.06000
0.06000
0.06000
0.06000
0.06000
0.04000
0.04000
0.04000
0.04000
0.04000
0.04000
0.04000
0.04000
0.04000
0.04000
0.04000
0.04000
0.02000
0.02000
0.02000
0.02000
0.02000
0.02000
0.02000
0.02000
0.23469
0.21429
0.18367
0.17347
0.17347
0.16327
0.16327
0.16327
0.15306
0.13265
0.12245
0.12245
0.11224
0.10204
0.10204
0.10204
0.10204
0.10204
0.09184
0.09184
0.08163
0.08163
0.07143
0.07143
0.07143
0.07143
0.07143
0.06122
0.06122
0.06122
0.06122
0.06122
0.06122
0.06122
0.06122
0.06122
0.06122
0.05102
0.05102
0.05102
0.05102
0.05102
0.05102
0.05102
0.05102
0.05102
0.05102
0.04082
0.04082
0.04082
0.04082
0.04082
0.04082
0.04082
0.04082
0.04082
0.04082
0.04082
0.04082
0.04082
0.04082
0.04082
0.04082
0.04082
0.04082
0.04082
0.04082
0.04082
0.03061
0.03061
0.03061
0.03061
0.03061
0.03061
0.03061
0.03061
0.03061
0.03061
0.03061
0.03061
0.03061
0.03061
0.03061
0.03061
0.03061
0.03061
0.03061
0.03061
0.03061
0.03061
0.03061
0.03061
0.03061
0.03061
0.03061
0.03061
0.03061
0.03061
0.03061
0.03061
0.03061
0.03061
0.03061
0.02041
0.02041
0.02041
0.02041
0.02041
0.02041
0.02041
0.02041
0.02041
0.01020
0.01020
0.01020
0.01020
0.01020
0.01020
0.01020
0.01020
0.01020
0.22800
0.21925
0.20321
0.19251
0.18425
0.18085
0.17744
0.16821
0.14730
0.14341
0.14001
0.13855
0.12786
0.12640
0.11667
0.11230
0.11035
0.10647
0.09674
0.08896
0.08799
0.08653
0.07827
0.07827
0.07632
0.07244
0.07000
0.06612
0.06612
0.06417
0.06174
0.06174
0.05834
0.05591
0.05542
0.05445
0.05445
0.05348
0.05299
0.05007
0.04910
0.04764
0.04716
0.04667
0.04667
0.04424
0.04375
0.04375
0.04229
0.04181
0.04084
0.04084
0.04035
0.03792
0.03792
0.03743
0.03743
0.03743
0.03695
0.03646
0.03597
0.03549
0.03549
0.03500
0.03403
0.03354
0.03354
0.03306
0.03306
0.03306
0.03257
0.03257
0.03257
0.03209
0.03209
0.03160
0.03111
0.03111
0.03063
0.03063
0.03014
0.02965
0.02965
0.02917
0.02771
0.02722
0.02674
0.02674
0.02625
0.02528
0.02528
0.02431
0.02382
0.02285
0.02285
0.01945
0.01604
0.01604
0.01458
0.01410
0.01313
0.00972
0.00389
0.25862
0.24138
0.24138
0.24138
0.22414
0.20690
0.18966
0.17241
0.17241
0.15517
0.15517
0.15517
0.15517
0.13793
0.13793
0.13793
0.12069
0.12069
0.10345
0.10345
0.10345
0.08621
0.08621
0.08621
0.08621
0.08621
0.08621
0.08621
0.08621
0.08621
0.08621
0.06897
0.06897
0.06897
0.06897
0.06897
0.06897
0.06897
0.06897
0.06897
0.06897
0.06897
0.06897
0.06897
0.06897
0.06897
0.06897
0.06897
0.05172
0.05172
0.05172
0.05172
0.05172
0.05172
0.05172
0.05172
0.05172
0.05172
0.05172
0.05172
0.05172
0.05172
0.05172
0.05172
0.05172
0.05172
0.05172
0.05172
0.03448
0.03448
0.03448
0.03448
0.03448
0.03448
0.03448
0.03448
0.03448
0.03448
0.03448
0.01724
0.01724
0.01724
0.01724
0.01724
0.01724
0.01724
0.01724
0.01724
0.01724
0.01724
0.30308
0.29231
0.29077
0.25077
0.25077
0.25077
0.23231
0.20154
0.19538
0.19077
0.18923
0.18000
0.18000
0.17385
0.16769
0.15692
0.15538
0.15231
0.15077
0.14923
0.14615
0.13846
0.13692
0.12154
0.11692
0.10769
0.10769
0.10615
0.10615
0.10462
0.10154
0.10000
0.09692
0.09692
0.09385
0.08769
0.08615
0.08462
0.08462
0.08308
0.07846
0.07846
0.07846
0.07846
0.07692
0.07538
0.07385
0.07231
0.07077
0.06923
0.06769
0.06769
0.06615
0.06615
0.06462
0.06462
0.06308
0.06308
0.06000
0.05846
0.05692
0.05692
0.05385
0.05385
0.05385
0.05077
0.04923
0.04923
0.04769
0.04615
0.04615
0.04615
0.04615
0.04462
0.04462
0.04462
0.04308
0.04308
0.04154
0.04154
0.04000
0.04000
0.04000
0.04000
0.03846
0.03692
0.03692
0.03692
0.03538
0.03538
0.03538
0.03538
0.03385
0.03385
0.03231
0.03231
0.03231
0.03231
0.03231
0.03077
0.03077
0.03077
0.02923
0.02923
0.02923
0.02923
0.02923
0.02769
0.02462
0.02308
0.02154
0.02154
0.02000
0.02000
0.02000
0.01846
0.01846
0.01538
0.01231
0.01077
0.00923
0.00769
0.00769
0.00615
0.00615
0.00615
0.00615
0.00615
0.00462
0.00154
0.00154
0.00154
0.31579
0.30144
0.29506
0.25678
0.25359
0.25040
0.23126
0.20415
0.20096
0.19617
0.19617
0.18660
0.18501
0.17384
0.17384
0.16427
0.15630
0.15630
0.15311
0.15311
0.15152
0.13876
0.13397
0.12440
0.12121
0.11164
0.11164
0.11005
0.10686
0.10526
0.10207
0.10048
0.10048
0.09729
0.09569
0.08931
0.08931
0.08772
0.08772
0.08612
0.08134
0.08134
0.07974
0.07974
0.07815
0.07815
0.07815
0.07337
0.07177
0.07018
0.07018
0.07018
0.06858
0.06539
0.06539
0.06380
0.06380
0.06061
0.05901
0.05901
0.05901
0.05742
0.05742
0.05582
0.05423
0.05423
0.05263
0.04944
0.04944
0.04785
0.04785
0.04785
0.04625
0.04625
0.04625
0.04625
0.04466
0.04466
0.04466
0.04466
0.04306
0.04147
0.04147
0.03987
0.03987
0.03828
0.03828
0.03668
0.03668
0.03668
0.03668
0.03509
0.03509
0.03349
0.03349
0.03349
0.03190
0.03190
0.03190
0.03190
0.03190
0.03190
0.03030
0.03030
0.03030
0.03030
0.02871
0.02871
0.02552
0.02552
0.02073
0.02073
0.02073
0.02073
0.01914
0.01914
0.01595
0.01116
0.01116
0.01116
0.00957
0.00797
0.00797
0.00797
0.00638
0.00638
0.00638
0.00638
0.00478
0.00159
0.00159
0.00159
0.25432
0.17778
0.16790
0.15309
0.15309
0.15062
0.15062
0.14815
0.13580
0.12346
0.12099
0.12099
0.11852
0.11111
0.10617
0.10370
0.09877
0.09877
0.09630
0.09630
0.09383
0.09383
0.08889
0.08395
0.08395
0.08395
0.08395
0.07901
0.07654
0.07654
0.07407
0.07407
0.07160
0.07160
0.06914
0.06420
0.06420
0.06173
0.05926
0.05926
0.05926
0.05679
0.05679
0.05432
0.05432
0.05185
0.05185
0.04938
0.04938
0.04691
0.04691
0.04691
0.04691
0.04691
0.04444
0.04444
0.04198
0.03951
0.03951
0.03951
0.03951
0.03704
0.03704
0.03704
0.03704
0.03457
0.03457
0.03210
0.03210
0.03210
0.03210
0.03210
0.03210
0.03210
0.03210
0.02963
0.02963
0.02963
0.02963
0.02963
0.02716
0.02716
0.02716
0.02716
0.02716
0.02716
0.02469
0.02469
0.02469
0.02469
0.02469
0.02469
0.02469
0.02469
0.02469
0.02469
0.02222
0.02222
0.01975
0.01728
0.01728
0.01481
0.01235
0.01235
0.01235
0.00988
0.00741
0.00741
0.00741
0.00741
0.00494
0.00494
0.00247
0.00247
0.22970
0.22904
0.22596
0.19626
0.19604
0.19318
0.19142
0.17690
0.17206
0.16150
0.15424
0.15314
0.13685
0.13641
0.12453
0.11705
0.08911
0.08845
0.08845
0.08581
0.08295
0.08295
0.08273
0.08119
0.08097
0.08053
0.07789
0.07723
0.07547
0.07173
0.06425
0.06293
0.06249
0.06227
0.06161
0.05831
0.05589
0.05501
0.05369
0.05259
0.05259
0.05237
0.05061
0.05017
0.04928
0.04796
0.04730
0.04686
0.04598
0.04576
0.04576
0.04532
0.04466
0.04356
0.04312
0.04312
0.04290
0.04290
0.04268
0.04224
0.04180
0.04070
0.04026
0.03982
0.03806
0.03630
0.03586
0.03564
0.03476
0.03454
0.03454
0.03432
0.03388
0.03344
0.03278
0.03256
0.03212
0.03190
0.03146
0.03102
0.03080
0.03080
0.03036
0.03014
0.02992
0.02970
0.02904
0.02882
0.02860
0.02860
0.02838
0.02816
0.02816
0.02816
0.02794
0.02794
0.02772
0.02640
0.02596
0.02530
0.02464
0.02332
0.02266
0.02200
0.02178
0.02046
0.01826
0.01738
0.01694
0.01364
0.01298
0.01188
0.01166
0.01012
0.00924
0.00858
0.00836
0.00638
0.39344
0.35246
0.29508
0.29508
0.22951
0.22131
0.19672
0.19672
0.18852
0.18852
0.18852
0.18033
0.17213
0.16393
0.14754
0.14754
0.13934
0.13934
0.13115
0.13115
0.12295
0.12295
0.11475
0.10656
0.09836
0.09836
0.09836
0.09836
0.09836
0.09836
0.09016
0.09016
0.08197
0.08197
0.08197
0.07377
0.07377
0.07377
0.06557
0.06557
0.06557
0.06557
0.06557
0.06557
0.06557
0.05738
0.05738
0.05738
0.05738
0.04918
0.04918
0.04918
0.04918
0.04918
0.04918
0.04918
0.04918
0.04918
0.04918
0.04918
0.04918
0.04918
0.04918
0.04918
0.04098
0.04098
0.04098
0.04098
0.04098
0.04098
0.04098
0.04098
0.04098
0.04098
0.04098
0.04098
0.04098
0.03279
0.03279
0.03279
0.03279
0.03279
0.03279
0.03279
0.03279
0.03279
0.03279
0.03279
0.03279
0.03279
0.03279
0.03279
0.03279
0.03279
0.03279
0.03279
0.03279
0.03279
0.03279
0.03279
0.03279
0.02459
0.02459
0.02459
0.02459
0.02459
0.02459
0.02459
0.02459
0.02459
0.01639
0.01639
0.01639
0.01639
0.01639
0.00820
0.00820
0.00820
0.00820
0.00820
0.00820
0.00820
0.29043
0.28936
0.26383
0.26170
0.23298
0.21489
0.20319
0.19468
0.18723
0.17340
0.16383
0.16277
0.14255
0.12979
0.12766
0.12660
0.12447
0.12021
0.11596
0.11596
0.10957
0.10957
0.10745
0.10426
0.08191
0.08085
0.07660
0.07340
0.07021
0.06915
0.06809
0.06702
0.06489
0.06489
0.06489
0.06489
0.06383
0.06277
0.06277
0.06064
0.05957
0.05745
0.05426
0.05426
0.05319
0.05319
0.05106
0.05106
0.04894
0.04894
0.04894
0.04787
0.04681
0.04681
0.04574
0.04468
0.04468
0.04362
0.04362
0.04255
0.04149
0.04149
0.04149
0.04043
0.04043
0.04043
0.03936
0.03723
0.03723
0.03723
0.03723
0.03617
0.03617
0.03511
0.03404
0.03404
0.03404
0.03298
0.03298
0.03191
0.03191
0.03191
0.03191
0.03191
0.03191
0.03191
0.03085
0.02979
0.02979
0.02872
0.02872
0.02872
0.02872
0.02766
0.02766
0.02660
0.02660
0.02660
0.02660
0.02660
0.02553
0.02553
0.02447
0.02447
0.02447
0.02340
0.02234
0.02234
0.02234
0.02128
0.02021
0.02021
0.02021
0.02021
0.01915
0.01915
0.01915
0.01915
0.01809
0.01809
0.01596
0.01596
0.01489
0.01489
0.01489
0.01383
0.01383
0.01383
0.01277
0.01277
0.01277
0.01277
0.01277
0.01064
0.01064
0.01064
0.01064
0.00957
0.00851
0.00638
0.00532
0.37313
0.34328
0.22388
0.20896
0.17910
0.16418
0.16418
0.16418
0.14925
0.14925
0.13433
0.13433
0.13433
0.11940
0.11940
0.10448
0.10448
0.10448
0.08955
0.08955
0.08955
0.07463
0.07463
0.07463
0.07463
0.07463
0.07463
0.05970
0.05970
0.05970
0.05970
0.05970
0.05970
0.05970
0.05970
0.05970
0.05970
0.05970
0.05970
0.04478
0.04478
0.04478
0.04478
0.04478
0.04478
0.04478
0.04478
0.04478
0.04478
0.04478
0.04478
0.04478
0.04478
0.04478
0.04478
0.04478
0.02985
0.02985
0.02985
0.02985
0.02985
0.02985
0.01493
0.20679
0.19290
0.18827
0.18673
0.18056
0.17130
0.15741
0.14969
0.14506
0.14043
0.12500
0.12191
0.11420
0.11420
0.11111
0.11111
0.11111
0.10648
0.09877
0.09259
0.08951
0.08179
0.08179
0.07562
0.07253
0.07099
0.07099
0.06944
0.06790
0.06636
0.06173
0.06173
0.06173
0.06019
0.06019
0.05710
0.05710
0.05401
0.05247
0.05247
0.05093
0.05093
0.04938
0.04784
0.04784
0.04630
0.04630
0.04630
0.04630
0.04630
0.04630
0.04167
0.04012
0.04012
0.04012
0.03858
0.03858
0.03704
0.03549
0.03549
0.03549
0.03549
0.03395
0.03395
0.03395
0.03241
0.03241
0.03086
0.03086
0.03086
0.03086
0.02932
0.02932
0.02778
0.02623
0.02469
0.02315
0.02315
0.02160
0.02160
0.01852
0.01698
0.01698
0.01543
0.01543
0.01543
0.01389
0.01389
0.01389
0.01389
0.01080
0.00926
0.00772
0.00617
0.00617
0.00617
0.00463
0.00463
0.00309
0.00154
0.00154
0.36538
0.34341
0.32143
0.29945
0.27747
0.23077
0.23077
0.21703
0.21154
0.19780
0.19505
0.18407
0.17857
0.17582
0.17582
0.16484
0.15659
0.15385
0.14286
0.14286
0.14011
0.14011
0.13187
0.13187
0.12363
0.12088
0.11538
0.10989
0.10714
0.09890
0.09615
0.09341
0.09341
0.09066
0.08791
0.08516
0.08516
0.08516
0.08516
0.08516
0.08242
0.07967
0.07967
0.07692
0.07418
0.07143
0.07143
0.07143
0.07143
0.07143
0.06868
0.06868
0.06868
0.06593
0.06593
0.06593
0.06593
0.06593
0.06593
0.06593
0.06319
0.06319
0.06319
0.06044
0.06044
0.06044
0.05769
0.05769
0.05769
0.05769
0.05495
0.05220
0.05220
0.05220
0.05220
0.05220
0.04945
0.04945
0.04945
0.04945
0.04945
0.04945
0.04945
0.04945
0.04670
0.04670
0.04670
0.04670
0.04670
0.04396
0.04396
0.04396
0.04396
0.04396
0.04121
0.04121
0.04121
0.04121
0.04121
0.03846
0.03846
0.03846
0.03846
0.03846
0.03571
0.03571
0.03571
0.03571
0.03571
0.03571
0.03571
0.03571
0.03571
0.03297
0.03297
0.03297
0.03297
0.03297
0.03297
0.03297
0.03297
0.03297
0.03297
0.03297
0.03297
0.03297
0.03297
0.03297
0.03297
0.03297
0.03022
0.03022
0.03022
0.03022
0.03022
0.03022
0.03022
0.03022
0.02747
0.02747
0.02747
0.02747
0.02747
0.02747
0.02747
0.02747
0.02473
0.02473
0.02473
0.02473
0.02198
0.02198
0.02198
0.01648
0.01648
0.01648
0.01648
0.01648
0.01374
0.01374
0.01374
0.01099
0.00824
0.00824
0.00549
0.00549
0.24584
0.23199
0.22842
0.18211
0.17181
0.16667
0.16627
0.15796
0.15439
0.15162
0.14331
0.13302
0.13064
0.12668
0.12272
0.12272
0.12154
0.11797
0.11758
0.10293
0.09857
0.09264
0.09105
0.08828
0.08274
0.08234
0.08234
0.07720
0.07522
0.07363
0.07165
0.06928
0.06770
0.06017
0.06017
0.05938
0.05819
0.05780
0.05740
0.05701
0.05542
0.05542
0.05463
0.05424
0.05424
0.05424
0.05384
0.05265
0.05265
0.05146
0.05146
0.05067
0.04988
0.04869
0.04869
0.04790
0.04751
0.04711
0.04632
0.04592
0.04592
0.04315
0.04157
0.04117
0.04117
0.03998
0.03959
0.03880
0.03800
0.03800
0.03761
0.03721
0.03721
0.03603
0.03563
0.03523
0.03523
0.03484
0.03325
0.03325
0.03246
0.03207
0.03207
0.03167
0.03127
0.03088
0.03048
0.03048
0.03009
0.02930
0.02890
0.02850
0.02850
0.02811
0.02811
0.02811
0.02771
0.02692
0.02652
0.02573
0.02573
0.02375
0.02375
0.02296
0.02257
0.02138
0.02098
0.02059
0.02019
0.02019
0.01979
0.01900
0.01821
0.01742
0.01623
0.01584
0.01544
0.01465
0.01386
0.01267
0.01227
0.01188
0.01029
0.01029
0.00990
0.00713
0.00475
0.00198
0.27660
0.24468
0.24468
0.24468
0.22340
0.21277
0.15957
0.15957
0.14894
0.14894
0.12766
0.11702
0.11702
0.10638
0.10638
0.10638
0.10638
0.10638
0.10638
0.09574
0.09574
0.09574
0.09574
0.09574
0.09574
0.08511
0.08511
0.07447
0.07447
0.07447
0.06383
0.06383
0.06383
0.06383
0.06383
0.06383
0.06383
0.06383
0.06383
0.05319
0.05319
0.05319
0.05319
0.05319
0.05319
0.05319
0.05319
0.04255
0.04255
0.04255
0.04255
0.04255
0.04255
0.04255
0.04255
0.04255
0.04255
0.04255
0.04255
0.04255
0.04255
0.04255
0.04255
0.04255
0.04255
0.04255
0.03191
0.03191
0.03191
0.03191
0.03191
0.03191
0.03191
0.03191
0.03191
0.03191
0.03191
0.03191
0.03191
0.03191
0.03191
0.03191
0.03191
0.03191
0.03191
0.03191
0.03191
0.03191
0.03191
0.03191
0.02128
0.02128
0.02128
0.02128
0.02128
0.02128
0.02128
0.02128
0.02128
0.02128
0.02128
0.02128
0.02128
0.02128
0.01064
0.01064
0.01064
0.01064
0.01064
0.01064
0.01064
0.12694
0.10881
0.10363
0.09585
0.09585
0.09326
0.08808
0.08808
0.07772
0.07513
0.06995
0.06736
0.06736
0.06736
0.06218
0.05959
0.05440
0.05440
0.05440
0.05181
0.04922
0.04922
0.04922
0.04663
0.04663
0.04663
0.04404
0.04404
0.04145
0.03886
0.03627
0.03627
0.03627
0.03368
0.03368
0.03368
0.03368
0.03109
0.03109
0.03109
0.03109
0.03109
0.02850
0.02850
0.02850
0.02591
0.02591
0.02591
0.02591
0.02591
0.02591
0.02332
0.02332
0.02332
0.02332
0.02073
0.02073
0.02073
0.01813
0.01295
0.01295
0.01295
0.01036
0.00518
0.00518
0.00259
0.25926
0.24280
0.24280
0.22634
0.22634
0.20576
0.19753
0.18519
0.18107
0.16872
0.14815
0.14403
0.13580
0.13169
0.13169
0.12757
0.11934
0.11934
0.11523
0.11523
0.11523
0.11111
0.11111
0.10288
0.09877
0.09053
0.08642
0.08230
0.08230
0.08230
0.07819
0.07407
0.07407
0.07407
0.06996
0.06996
0.06996
0.06173
0.06173
0.06173
0.05761
0.05761
0.05761
0.05761
0.05761
0.05761
0.05761
0.05350
0.05350
0.05350
0.05350
0.05350
0.05350
0.04938
0.04938
0.04938
0.04938
0.04938
0.04527
0.04527
0.04527
0.04527
0.04527
0.04527
0.04527
0.04527
0.04527
0.04527
0.04527
0.04115
0.04115
0.04115
0.04115
0.04115
0.04115
0.04115
0.04115
0.04115
0.04115
0.04115
0.03704
0.03704
0.03704
0.03704
0.03704
0.03704
0.03704
0.03704
0.03704
0.03704
0.03704
0.03292
0.03292
0.03292
0.03292
0.03292
0.03292
0.03292
0.03292
0.03292
0.03292
0.03292
0.03292
0.03292
0.02881
0.02881
0.02881
0.02881
0.02881
0.02881
0.02881
0.02881
0.02881
0.02881
0.02881
0.02469
0.02469
0.02469
0.02469
0.02469
0.02469
0.02058
0.02058
0.02058
0.02058
0.01646
0.01646
0.01646
0.01646
0.01646
0.01235
0.01235
0.01235
0.01235
0.01235
0.01235
0.00823
0.00823
0.00823
0.00823
0.00412
0.00412
0.00412
0.00412
0.00412
0.22647
0.21089
0.20367
0.18629
0.18613
0.17662
0.17498
0.16333
0.15989
0.15743
0.15103
0.14562
0.13529
0.11364
0.11217
0.10512
0.08691
0.08396
0.08314
0.08068
0.07970
0.07855
0.07691
0.07675
0.07642
0.07297
0.06920
0.06904
0.06494
0.06396
0.05772
0.05690
0.05543
0.05510
0.05444
0.05297
0.05248
0.05133
0.05067
0.05034
0.04903
0.04772
0.04723
0.04723
0.04575
0.04575
0.04526
0.04526
0.04395
0.04378
0.04133
0.04018
0.04001
0.03985
0.03952
0.03903
0.03854
0.03805
0.03805
0.03641
0.03542
0.03542
0.03526
0.03460
0.03411
0.03378
0.03378
0.03313
0.03247
0.03247
0.03247
0.03181
0.03050
0.02985
0.02968
0.02952
0.02903
0.02853
0.02853
0.02837
0.02821
0.02788
0.02689
0.02673
0.02657
0.02640
0.02525
0.02509
0.02476
0.02378
0.02345
0.02329
0.02132
0.02115
0.02001
0.01935
0.01607
0.01492
0.01394
0.01263
0.01246
0.01164
0.00984
0.00886
0.00787
0.15819
0.13559
0.13559
0.12429
0.11864
0.10169
0.09605
0.09040
0.09040
0.09040
0.09040
0.08475
0.07910
0.07910
0.07345
0.07345
0.06780
0.06780
0.06215
0.06215
0.06215
0.06215
0.05650
0.05085
0.05085
0.05085
0.05085
0.05085
0.05085
0.05085
0.04520
0.04520
0.04520
0.04520
0.04520
0.04520
0.04520
0.04520
0.03955
0.03955
0.03955
0.03955
0.03955
0.03955
0.03955
0.03955
0.03955
0.03955
0.03955
0.03390
0.03390
0.03390
0.03390
0.03390
0.03390
0.03390
0.03390
0.03390
0.03390
0.03390
0.03390
0.03390
0.03390
0.03390
0.03390
0.03390
0.03390
0.02825
0.02825
0.02825
0.02825
0.02825
0.02825
0.02825
0.02825
0.02825
0.02825
0.02825
0.02825
0.02825
0.02825
0.02260
0.02260
0.02260
0.02260
0.02260
0.02260
0.01695
0.01695
0.01695
0.01695
0.01695
0.01695
0.01695
0.01130
0.00565
0.00565
0.00565
0.19337
0.19337
0.19337
0.17680
0.14917
0.14365
0.13812
0.12707
0.11050
0.10497
0.10497
0.09945
0.09392
0.09392
0.08287
0.07735
0.07735
0.07735
0.07735
0.07182
0.07182
0.07182
0.06630
0.06630
0.06630
0.06077
0.06077
0.06077
0.06077
0.06077
0.05525
0.05525
0.05525
0.05525
0.04972
0.04972
0.04972
0.04972
0.04972
0.04972
0.04972
0.04972
0.04972
0.04972
0.04972
0.04972
0.04972
0.04972
0.04972
0.04972
0.04972
0.04972
0.04972
0.04420
0.04420
0.04420
0.04420
0.04420
0.04420
0.04420
0.04420
0.03867
0.03867
0.03867
0.03867
0.03867
0.03867
0.03867
0.03867
0.03867
0.03867
0.03867
0.03867
0.03867
0.03867
0.03867
0.03867
0.03315
0.03315
0.03315
0.03315
0.03315
0.03315
0.03315
0.03315
0.03315
0.03315
0.03315
0.03315
0.03315
0.03315
0.03315
0.03315
0.03315
0.03315
0.03315
0.03315
0.03315
0.02762
0.02762
0.02762
0.02762
0.02762
0.02762
0.02762
0.02762
0.02762
0.02762
0.02762
0.02762
0.02762
0.02762
0.02762
0.02762
0.02762
0.02762
0.02762
0.02762
0.02210
0.02210
0.02210
0.02210
0.02210
0.02210
0.02210
0.02210
0.02210
0.02210
0.02210
0.01657
0.01657
0.01657
0.01657
0.01657
0.01657
0.01657
0.01657
0.01657
0.01657
0.01657
0.01657
0.01657
0.01657
0.01105
0.01105
0.01105
0.01105
0.01105
0.01105
0.01105
0.01105
0.01105
0.00552
0.00552
0.00552
0.00552
0.24671
0.24295
0.22133
0.18797
0.17293
0.16917
0.16541
0.15789
0.15179
0.14004
0.13910
0.13628
0.13017
0.12218
0.11889
0.11889
0.11607
0.11560
0.11137
0.10714
0.10385
0.09117
0.09070
0.08882
0.08600
0.08318
0.08130
0.07660
0.07472
0.07284
0.07190
0.06861
0.06626
0.06532
0.06438
0.06297
0.06156
0.06015
0.05968
0.05780
0.05592
0.05498
0.05404
0.05404
0.05357
0.05357
0.05310
0.05263
0.05263
0.05122
0.05075
0.05028
0.04981
0.04934
0.04840
0.04840
0.04605
0.04558
0.04464
0.04417
0.04370
0.04323
0.04135
0.04041
0.03994
0.03947
0.03900
0.03900
0.03853
0.03806
0.03759
0.03712
0.03712
0.03665
0.03618
0.03618
0.03524
0.03477
0.03383
0.03289
0.03289
0.03289
0.03195
0.03195
0.03148
0.03055
0.03008
0.03008
0.02961
0.02961
0.02914
0.02867
0.02867
0.02867
0.02820
0.02773
0.02773
0.02726
0.02726
0.02679
0.02632
0.02632
0.02585
0.02585
0.02444
0.02397
0.02350
0.02350
0.02350
0.02303
0.02209
0.02209
0.02162
0.02068
0.02021
0.02021
0.01739
0.01598
0.01598
0.01598
0.01598
0.01222
0.01222
0.01175
0.01175
0.01034
0.01034
0.00987
0.00752
0.00611
0.00564
0.00517
0.00235
0.24478
0.24339
0.22207
0.18869
0.17524
0.17014
0.16690
0.15624
0.15160
0.14047
0.13908
0.13676
0.13259
0.12007
0.12007
0.11822
0.11776
0.11683
0.11034
0.10617
0.10246
0.09504
0.09179
0.08948
0.08716
0.08391
0.08020
0.07603
0.07510
0.07279
0.07279
0.06861
0.06583
0.06490
0.06305
0.06212
0.06166
0.05981
0.05934
0.05702
0.05702
0.05517
0.05517
0.05424
0.05424
0.05331
0.05285
0.05239
0.05192
0.05146
0.05146
0.05007
0.05007
0.05007
0.04822
0.04729
0.04682
0.04543
0.04451
0.04358
0.04358
0.04219
0.04126
0.04080
0.04080
0.03941
0.03894
0.03848
0.03848
0.03802
0.03802
0.03755
0.03662
0.03616
0.03570
0.03570
0.03523
0.03523
0.03338
0.03245
0.03245
0.03199
0.03153
0.03153
0.03153
0.03106
0.03106
0.03013
0.02967
0.02967
0.02921
0.02921
0.02874
0.02874
0.02828
0.02828
0.02828
0.02782
0.02782
0.02782
0.02689
0.02643
0.02643
0.02596
0.02550
0.02457
0.02411
0.02411
0.02364
0.02318
0.02318
0.02272
0.02272
0.02179
0.02133
0.02086
0.02040
0.01762
0.01576
0.01576
0.01576
0.01576
0.01530
0.01252
0.01205
0.01205
0.01205
0.01159
0.01066
0.01020
0.00742
0.00603
0.00556
0.00556
0.00232
0.26807
0.25517
0.23988
0.22849
0.21829
0.21679
0.20510
0.20360
0.18651
0.18531
0.18501
0.18021
0.15562
0.14933
0.12504
0.11694
0.10465
0.10255
0.09685
0.09325
0.08696
0.08366
0.08336
0.08216
0.08156
0.08036
0.08036
0.08006
0.08006
0.07946
0.07526
0.07376
0.07166
0.06987
0.06777
0.06747
0.06627
0.06057
0.05967
0.05877
0.05727
0.05667
0.05577
0.05427
0.05427
0.05367
0.05307
0.05277
0.05097
0.05067
0.04948
0.04828
0.04798
0.04798
0.04738
0.04678
0.04348
0.04258
0.04258
0.04258
0.04228
0.04078
0.04078
0.04078
0.03868
0.03868
0.03688
0.03688
0.03598
0.03508
0.03478
0.03478
0.03448
0.03418
0.03388
0.03358
0.03298
0.03298
0.03268
0.03268
0.03238
0.03208
0.03118
0.03088
0.03058
0.02999
0.02969
0.02939
0.02819
0.02819
0.02789
0.02789
0.02759
0.02639
0.02549
0.02549
0.02549
0.02459
0.02429
0.02399
0.02279
0.02249
0.02219
0.02189
0.02159
0.02069
0.02009
0.01799
0.01559
0.01289
0.01019
0.00930
0.00870
0.00870
0.00810
0.00450
0.00390
0.26687
0.25547
0.24228
0.22879
0.21919
0.21649
0.20360
0.20330
0.18561
0.18501
0.18501
0.18111
0.15622
0.14873
0.12564
0.11874
0.10495
0.10225
0.09685
0.09325
0.08666
0.08396
0.08276
0.08246
0.08186
0.08096
0.08096
0.08036
0.08006
0.08006
0.07556
0.07436
0.07136
0.06867
0.06777
0.06747
0.06657
0.06027
0.05997
0.05907
0.05727
0.05667
0.05637
0.05427
0.05367
0.05367
0.05367
0.05307
0.05097
0.05067
0.04948
0.04858
0.04828
0.04828
0.04708
0.04648
0.04348
0.04288
0.04258
0.04258
0.04228
0.04198
0.04078
0.04078
0.03898
0.03868
0.03688
0.03688
0.03598
0.03508
0.03478
0.03478
0.03448
0.03388
0.03388
0.03358
0.03298
0.03298
0.03238
0.03238
0.03148
0.03148
0.03118
0.03088
0.03058
0.02969
0.02969
0.02969
0.02849
0.02819
0.02789
0.02789
0.02609
0.02609
0.02579
0.02579
0.02549
0.02489
0.02369
0.02309
0.02279
0.02249
0.02219
0.02189
0.02159
0.02069
0.02009
0.01769
0.01559
0.01289
0.01019
0.00930
0.00870
0.00870
0.00810
0.00450
0.00390
0.23820
0.17753
0.14831
0.14831
0.14607
0.14157
0.14157
0.13483
0.13258
0.11685
0.11461
0.11236
0.11011
0.10787
0.10112
0.09888
0.09663
0.08989
0.08989
0.08989
0.08764
0.08764
0.08539
0.08315
0.08315
0.08090
0.07865
0.07865
0.07191
0.06966
0.06966
0.06742
0.06742
0.06742
0.06742
0.06517
0.06067
0.05843
0.05843
0.05843
0.05843
0.05393
0.05393
0.05393
0.05393
0.05393
0.05169
0.04944
0.04719
0.04494
0.04494
0.04494
0.04270
0.04270
0.04270
0.04270
0.04045
0.04045
0.03820
0.03596
0.03596
0.03596
0.03596
0.03371
0.03371
0.03371
0.03146
0.03146
0.03146
0.03146
0.03146
0.02921
0.02697
0.02697
0.02697
0.02697
0.02697
0.02697
0.02472
0.02472
0.02247
0.02247
0.02247
0.02247
0.02022
0.02022
0.02022
0.02022
0.02022
0.01798
0.01573
0.01348
0.00899
0.00899
0.00899
0.00899
0.00899
0.00674
0.00674
0.00449
0.00225
0.36000
0.32000
0.30667
0.29333
0.28000
0.28000
0.26667
0.25333
0.25333
0.24000
0.24000
0.24000
0.22667
0.22667
0.22667
0.21333
0.21333
0.20000
0.20000
0.20000
0.20000
0.20000
0.18667
0.18667
0.17333
0.17333
0.17333
0.16000
0.16000
0.14667
0.14667
0.14667
0.14667
0.14667
0.14667
0.13333
0.13333
0.13333
0.12000
0.12000
0.12000
0.10667
0.10667
0.10667
0.10667
0.10667
0.09333
0.09333
0.09333
0.09333
0.09333
0.09333
0.09333
0.09333
0.09333
0.09333
0.09333
0.08000
0.08000
0.08000
0.08000
0.08000
0.08000
0.08000
0.08000
0.08000
0.08000
0.08000
0.08000
0.08000
0.08000
0.08000
0.08000
0.08000
0.06667
0.06667
0.06667
0.06667
0.06667
0.06667
0.06667
0.06667
0.06667
0.06667
0.06667
0.06667
0.06667
0.06667
0.06667
0.06667
0.06667
0.06667
0.06667
0.05333
0.05333
0.05333
0.05333
0.05333
0.05333
0.05333
0.05333
0.05333
0.05333
0.05333
0.05333
0.05333
0.05333
0.05333
0.05333
0.05333
0.05333
0.05333
0.05333
0.04000
0.04000
0.04000
0.04000
0.04000
0.04000
0.04000
0.04000
0.04000
0.04000
0.04000
0.04000
0.04000
0.04000
0.04000
0.04000
0.04000
0.04000
0.04000
0.04000
0.04000
0.04000
0.04000
0.04000
0.02667
0.02667
0.02667
0.02667
0.02667
0.02667
0.02667
0.02667
0.02667
0.02667
0.02667
0.02667
0.02667
0.02667
0.02667
0.02667
0.02667
0.02667
0.02667
0.02667
0.01333
0.01333
0.01333
0.01333
0.01333
0.01333
0.01333
0.01333
0.01333
0.01333
0.01333
0.11962
0.11005
0.10048
0.10048
0.10048
0.09569
0.09569
0.08134
0.07656
0.07177
0.05742
0.05742
0.05742
0.05742
0.05263
0.05263
0.04785
0.04785
0.04785
0.04785
0.04785
0.04306
0.04306
0.03828
0.03828
0.03828
0.03828
0.03828
0.03828
0.03828
0.03349
0.03349
0.03349
0.03349
0.03349
0.02871
0.02871
0.02871
0.02871
0.02871
0.02871
0.02392
0.02392
0.02392
0.02392
0.02392
0.02392
0.02392
0.02392
0.02392
0.02392
0.02392
0.02392
0.02392
0.01914
0.01914
0.01914
0.01914
0.01435
0.01435
0.01435
0.01435
0.01435
0.00957
0.00957
0.00957
0.00957
0.00957
0.00957
0.00957
0.00478
0.00478
0.00478
0.00478
0.28125
0.20312
0.18750
0.17188
0.15625
0.15625
0.14062
0.14062
0.12500
0.12500
0.10938
0.10938
0.10938
0.10938
0.10938
0.10938
0.10938
0.09375
0.09375
0.09375
0.09375
0.09375
0.09375
0.09375
0.09375
0.07812
0.07812
0.07812
0.07812
0.07812
0.07812
0.07812
0.07812
0.07812
0.07812
0.07812
0.07812
0.07812
0.07812
0.07812
0.07812
0.06250
0.06250
0.06250
0.06250
0.06250
0.06250
0.06250
0.06250
0.06250
0.06250
0.06250
0.06250
0.06250
0.06250
0.06250
0.06250
0.04688
0.04688
0.04688
0.04688
0.04688
0.04688
0.04688
0.04688
0.04688
0.04688
0.04688
0.04688
0.04688
0.04688
0.04688
0.04688
0.04688
0.04688
0.04688
0.04688
0.04688
0.04688
0.04688
0.04688
0.04688
0.04688
0.04688
0.04688
0.04688
0.04688
0.04688
0.04688
0.04688
0.04688
0.04688
0.04688
0.04688
0.04688
0.04688
0.04688
0.04688
0.04688
0.04688
0.04688
0.04688
0.04688
0.04688
0.04688
0.03125
0.03125
0.03125
0.03125
0.03125
0.03125
0.03125
0.03125
0.03125
0.03125
0.03125
0.03125
0.03125
0.01562
0.01562
0.01562
0.01562
0.01562
0.01562
0.01562
0.01562
0.01562
0.01562
0.01562
0.20737
0.18433
0.18433
0.17972
0.17512
0.17051
0.15207
0.14286
0.13825
0.13364
0.13364
0.12442
0.12442
0.11060
0.09677
0.09677
0.09217
0.09217
0.08756
0.08756
0.08756
0.07834
0.07834
0.07373
0.07373
0.07373
0.06912
0.06912
0.06912
0.06912
0.06452
0.05991
0.05991
0.05530
0.05530
0.05530
0.05530
0.05069
0.05069
0.05069
0.05069
0.05069
0.05069
0.04608
0.04608
0.04608
0.04608
0.04608
0.04147
0.04147
0.04147
0.04147
0.04147
0.04147
0.03687
0.03687
0.03687
0.03687
0.03687
0.03687
0.03687
0.03687
0.03687
0.03687
0.03687
0.03226
0.03226
0.03226
0.03226
0.03226
0.03226
0.03226
0.03226
0.03226
0.03226
0.03226
0.03226
0.03226
0.02765
0.02765
0.02765
0.02765
0.02765
0.02304
0.02304
0.01843
0.01843
0.01843
0.01843
0.01382
0.01382
0.00922
0.00922
0.00461
0.00461
0.00461
0.00461
0.22426
0.20278
0.20215
0.19078
0.18825
0.18636
0.17309
0.14719
0.14403
0.13708
0.13140
0.12634
0.11813
0.11750
0.11623
0.11244
0.10423
0.09918
0.09665
0.09223
0.09160
0.08907
0.08844
0.08844
0.08591
0.08465
0.08275
0.07896
0.07770
0.07391
0.07265
0.07202
0.07075
0.06886
0.06822
0.06759
0.06443
0.06443
0.06064
0.05938
0.05812
0.05749
0.05622
0.05622
0.05559
0.05496
0.05370
0.05370
0.05180
0.05117
0.05054
0.05054
0.04991
0.04991
0.04927
0.04927
0.04927
0.04801
0.04738
0.04738
0.04675
0.04611
0.04611
0.04611
0.04611
0.04611
0.04548
0.04485
0.04359
0.04359
0.04359
0.04359
0.04232
0.04169
0.04169
0.04106
0.04043
0.03917
0.03853
0.03727
0.03601
0.03601
0.03474
0.03411
0.03411
0.03411
0.03348
0.03348
0.03285
0.03159
0.03159
0.03095
0.03095
0.03095
0.03095
0.03032
0.03032
0.02969
0.02843
0.02780
0.02716
0.02716
0.02716
0.02653
0.02527
0.02527
0.02527
0.02464
0.02401
0.02085
0.01895
0.01769
0.01769
0.01642
0.01453
0.01263
0.01263
0.01137
0.01137
0.01011
0.00758
0.51515
0.40909
0.37879
0.33333
0.30303
0.30303
0.25758
0.24242
0.24242
0.24242
0.19697
0.18182
0.18182
0.18182
0.16667
0.15152
0.13636
0.13636
0.13636
0.12121
0.12121
0.12121
0.10606
0.10606
0.10606
0.10606
0.10606
0.10606
0.10606
0.09091
0.09091
0.09091
0.09091
0.09091
0.09091
0.07576
0.07576
0.07576
0.07576
0.07576
0.07576
0.07576
0.07576
0.07576
0.07576
0.07576
0.07576
0.07576
0.07576
0.07576
0.06061
0.06061
0.06061
0.06061
0.06061
0.06061
0.06061
0.06061
0.06061
0.06061
0.06061
0.06061
0.06061
0.06061
0.06061
0.06061
0.06061
0.06061
0.06061
0.06061
0.06061
0.04545
0.04545
0.04545
0.04545
0.04545
0.04545
0.04545
0.04545
0.04545
0.04545
0.04545
0.04545
0.04545
0.04545
0.04545
0.04545
0.04545
0.04545
0.04545
0.04545
0.04545
0.04545
0.04545
0.04545
0.04545
0.04545
0.04545
0.03030
0.03030
0.03030
0.03030
0.03030
0.03030
0.03030
0.03030
0.03030
0.03030
0.03030
0.03030
0.03030
0.03030
0.03030
0.01515
0.01515
0.01515
0.01515
0.01515
0.01515
0.01515
0.01515
0.01515
0.01515
0.01515
0.01515
0.21087
0.18478
0.16957
0.16522
0.15217
0.14565
0.13696
0.12174
0.11304
0.10870
0.09783
0.09348
0.09348
0.09348
0.09130
0.08696
0.08696
0.08478
0.08261
0.08043
0.08043
0.07826
0.06957
0.06957
0.06957
0.06957
0.06739
0.06522
0.06304
0.06304
0.06087
0.05217
0.05217
0.04783
0.04565
0.04565
0.04565
0.04348
0.04348
0.04348
0.04130
0.04130
0.04130
0.03913
0.03696
0.03696
0.03696
0.03696
0.03478
0.03478
0.03478
0.03478
0.03478
0.03478
0.03478
0.03478
0.03261
0.03261
0.03261
0.03261
0.03261
0.03261
0.03261
0.03043
0.03043
0.03043
0.03043
0.03043
0.03043
0.03043
0.02826
0.02826
0.02826
0.02826
0.02826
0.02391
0.02174
0.02174
0.01957
0.01739
0.01739
0.01522
0.01304
0.00870
0.00870
0.00652
0.00652
0.00652
0.00217
0.29412
0.28374
0.26644
0.25606
0.21799
0.21453
0.21107
0.20761
0.20415
0.17301
0.17301
0.17301
0.17301
0.16609
0.16609
0.16263
0.15571
0.15571
0.15571
0.15225
0.14879
0.14879
0.14187
0.12803
0.12457
0.11419
0.11073
0.10727
0.10727
0.10727
0.10381
0.10035
0.09689
0.09689
0.09689
0.09689
0.09689
0.08997
0.08997
0.08651
0.08651
0.08651
0.08304
0.08304
0.08304
0.08304
0.08304
0.08304
0.07612
0.07612
0.07266
0.07266
0.07266
0.06920
0.06920
0.06574
0.06574
0.06574
0.06228
0.06228
0.06228
0.06228
0.05882
0.05882
0.05882
0.05536
0.05536
0.05536
0.05536
0.05190
0.05190
0.05190
0.05190
0.05190
0.05190
0.05190
0.04844
0.04844
0.04844
0.04844
0.04844
0.04844
0.04844
0.04844
0.04844
0.04844
0.04844
0.04498
0.04498
0.04498
0.04498
0.04498
0.04498
0.04498
0.04152
0.04152
0.04152
0.04152
0.04152
0.04152
0.04152
0.04152
0.04152
0.04152
0.04152
0.04152
0.04152
0.04152
0.03806
0.03806
0.03806
0.03806
0.03806
0.03806
0.03806
0.03806
0.03806
0.03806
0.03806
0.03806
0.03806
0.03806
0.03460
0.03460
0.03460
0.03460
0.03460
0.03460
0.03460
0.03460
0.03460
0.03460
0.03460
0.03460
0.03114
0.03114
0.03114
0.03114
0.03114
0.03114
0.03114
0.03114
0.03114
0.03114
0.03114
0.03114
0.03114
0.03114
0.03114
0.03114
0.02768
0.02768
0.02768
0.02768
0.02768
0.02422
0.02422
0.02422
0.02076
0.01730
0.01730
0.01730
0.01384
0.01384
0.01384
0.01384
0.01038
0.00692
0.00346
0.00346
0.00346
0.00346
0.21429
0.20238
0.15476
0.14286
0.13095
0.11905
0.11905
0.11905
0.10714
0.10714
0.10714
0.10714
0.10714
0.09524
0.09524
0.08333
0.08333
0.08333
0.08333
0.08333
0.07143
0.07143
0.07143
0.07143
0.07143
0.05952
0.05952
0.05952
0.05952
0.05952
0.05952
0.05952
0.05952
0.05952
0.05952
0.04762
0.04762
0.04762
0.04762
0.04762
0.04762
0.04762
0.03571
0.03571
0.03571
0.03571
0.03571
0.03571
0.03571
0.03571
0.03571
0.03571
0.03571
0.03571
0.03571
0.03571
0.03571
0.03571
0.03571
0.03571
0.03571
0.03571
0.03571
0.03571
0.02381
0.02381
0.02381
0.02381
0.02381
0.02381
0.02381
0.02381
0.02381
0.02381
0.02381
0.02381
0.02381
0.01190
0.01190
0.01190
0.01190
0.01190
0.01190
0.01190
0.01190
0.01190
0.23188
0.23188
0.21739
0.21739
0.20290
0.18841
0.18841
0.18841
0.15942
0.14493
0.13043
0.13043
0.13043
0.13043
0.13043
0.11594
0.11594
0.11594
0.10145
0.10145
0.10145
0.10145
0.10145
0.10145
0.10145
0.10145
0.08696
0.08696
0.08696
0.08696
0.08696
0.08696
0.08696
0.08696
0.08696
0.08696
0.08696
0.08696
0.07246
0.07246
0.07246
0.07246
0.07246
0.07246
0.07246
0.07246
0.07246
0.07246
0.05797
0.05797
0.05797
0.05797
0.05797
0.05797
0.05797
0.05797
0.05797
0.05797
0.05797
0.05797
0.05797
0.05797
0.05797
0.05797
0.04348
0.04348
0.04348
0.04348
0.04348
0.04348
0.04348
0.04348
0.04348
0.04348
0.04348
0.04348
0.04348
0.04348
0.04348
0.04348
0.04348
0.04348
0.04348
0.04348
0.04348
0.04348
0.04348
0.04348
0.04348
0.04348
0.04348
0.04348
0.04348
0.04348
0.04348
0.04348
0.04348
0.04348
0.04348
0.04348
0.04348
0.04348
0.04348
0.04348
0.04348
0.04348
0.04348
0.04348
0.04348
0.04348
0.04348
0.04348
0.04348
0.04348
0.04348
0.04348
0.04348
0.04348
0.04348
0.04348
0.04348
0.04348
0.04348
0.02899
0.02899
0.02899
0.02899
0.02899
0.02899
0.02899
0.02899
0.02899
0.02899
0.02899
0.02899
0.02899
0.02899
0.02899
0.02899
0.02899
0.02899
0.02899
0.02899
0.02899
0.02899
0.02899
0.02899
0.02899
0.02899
0.02899
0.02899
0.02899
0.02899
0.02899
0.01449
0.01449
0.01449
0.01449
0.01449
0.01449
0.01449
0.01449
0.01449
0.01449
0.01449
0.01449
0.01449
0.01449
0.01449
0.01449
0.01449
0.01449
0.01449
0.01449
0.01449
0.01449
0.01449
0.01449
0.01449
0.25455
0.23636
0.23636
0.23636
0.23636
0.21818
0.20000
0.18182
0.16364
0.16364
0.14545
0.14545
0.14545
0.12727
0.12727
0.12727
0.12727
0.12727
0.12727
0.12727
0.12727
0.10909
0.10909
0.10909
0.10909
0.10909
0.10909
0.10909
0.10909
0.10909
0.10909
0.09091
0.09091
0.09091
0.09091
0.09091
0.09091
0.09091
0.09091
0.07273
0.07273
0.07273
0.07273
0.07273
0.07273
0.07273
0.07273
0.07273
0.07273
0.07273
0.07273
0.07273
0.05455
0.05455
0.05455
0.05455
0.05455
0.05455
0.05455
0.05455
0.05455
0.05455
0.05455
0.05455
0.05455
0.05455
0.05455
0.05455
0.05455
0.05455
0.05455
0.05455
0.05455
0.05455
0.05455
0.05455
0.05455
0.05455
0.05455
0.05455
0.05455
0.05455
0.05455
0.05455
0.05455
0.05455
0.05455
0.05455
0.05455
0.05455
0.05455
0.05455
0.05455
0.05455
0.05455
0.05455
0.05455
0.05455
0.05455
0.05455
0.05455
0.05455
0.05455
0.05455
0.03636
0.03636
0.03636
0.03636
0.03636
0.03636
0.03636
0.03636
0.03636
0.03636
0.03636
0.03636
0.03636
0.03636
0.03636
0.03636
0.03636
0.03636
0.03636
0.03636
0.03636
0.03636
0.03636
0.03636
0.03636
0.03636
0.03636
0.03636
0.03636
0.03636
0.03636
0.03636
0.03636
0.01818
0.01818
0.01818
0.01818
0.01818
0.01818
0.01818
0.01818
0.01818
0.01818
0.01818
0.01818
0.01818
0.01818
0.01818
0.01818
0.01818
0.01818
0.01818
0.22222
0.20833
0.19444
0.18056
0.18056
0.15278
0.15278
0.15278
0.15278
0.13889
0.13889
0.13889
0.13889
0.13889
0.12500
0.12500
0.12500
0.12500
0.12500
0.11111
0.11111
0.11111
0.11111
0.09722
0.09722
0.09722
0.09722
0.08333
0.08333
0.08333
0.08333
0.08333
0.08333
0.08333
0.08333
0.06944
0.06944
0.06944
0.06944
0.06944
0.06944
0.06944
0.06944
0.06944
0.06944
0.06944
0.06944
0.05556
0.05556
0.05556
0.05556
0.05556
0.05556
0.05556
0.05556
0.05556
0.05556
0.05556
0.05556
0.04167
0.04167
0.04167
0.04167
0.04167
0.04167
0.04167
0.04167
0.04167
0.04167
0.04167
0.04167
0.04167
0.04167
0.04167
0.04167
0.04167
0.04167
0.04167
0.04167
0.04167
0.04167
0.04167
0.02778
0.02778
0.02778
0.02778
0.02778
0.02778
0.02778
0.02778
0.02778
0.02778
0.02778
0.02778
0.01389
0.01389
0.01389
0.01389
0.01389
0.01389
0.01389
0.01389
0.01389
0.01389
0.22314
0.18549
0.16896
0.14968
0.14784
0.14692
0.14141
0.13958
0.13682
0.11570
0.11387
0.11387
0.11387
0.10285
0.10193
0.10101
0.09917
0.08264
0.08264
0.08264
0.07438
0.07163
0.07071
0.07071
0.06795
0.06795
0.06612
0.06612
0.06244
0.05877
0.05601
0.05601
0.05510
0.05510
0.05418
0.05326
0.05234
0.05234
0.05142
0.04867
0.04867
0.04867
0.04591
0.04591
0.04500
0.04316
0.04224
0.04132
0.04040
0.03949
0.03949
0.03949
0.03949
0.03857
0.03673
0.03673
0.03581
0.03581
0.03489
0.03489
0.03489
0.03398
0.03398
0.03398
0.03306
0.03306
0.03122
0.03122
0.03122
0.03030
0.03030
0.02938
0.02847
0.02847
0.02663
0.02663
0.02571
0.02479
0.02479
0.02388
0.02204
0.02204
0.01928
0.01377
0.01377
0.01377
0.01194
0.01010
0.00735
0.00551
0.35955
0.32584
0.30337
0.30337
0.28090
0.26966
0.22472
0.22472
0.20225
0.19101
0.19101
0.17978
0.16854
0.15730
0.15730
0.15730
0.15730
0.13483
0.13483
0.13483
0.13483
0.13483
0.12360
0.12360
0.12360
0.12360
0.11236
0.11236
0.10112
0.08989
0.08989
0.08989
0.08989
0.08989
0.08989
0.08989
0.08989
0.07865
0.07865
0.07865
0.07865
0.07865
0.07865
0.07865
0.07865
0.07865
0.07865
0.07865
0.07865
0.07865
0.07865
0.07865
0.07865
0.07865
0.07865
0.07865
0.07865
0.07865
0.06742
0.06742
0.06742
0.06742
0.06742
0.06742
0.06742
0.06742
0.06742
0.06742
0.06742
0.06742
0.06742
0.06742
0.06742
0.06742
0.05618
0.05618
0.05618
0.05618
0.05618
0.05618
0.05618
0.05618
0.05618
0.05618
0.05618
0.05618
0.05618
0.05618
0.05618
0.05618
0.05618
0.05618
0.05618
0.05618
0.05618
0.05618
0.05618
0.05618
0.05618
0.04494
0.04494
0.04494
0.04494
0.04494
0.04494
0.04494
0.04494
0.04494
0.04494
0.04494
0.04494
0.04494
0.04494
0.04494
0.04494
0.04494
0.04494
0.04494
0.03371
0.03371
0.03371
0.03371
0.03371
0.03371
0.03371
0.03371
0.03371
0.03371
0.03371
0.03371
0.03371
0.03371
0.03371
0.03371
0.03371
0.03371
0.03371
0.03371
0.03371
0.03371
0.03371
0.02247
0.02247
0.02247
0.02247
0.02247
0.02247
0.02247
0.02247
0.02247
0.02247
0.02247
0.02247
0.02247
0.02247
0.02247
0.02247
0.02247
0.02247
0.02247
0.01124
0.01124
0.01124
0.01124
0.01124
0.01124
0.01124
0.33333
0.32258
0.30108
0.26882
0.26882
0.25806
0.23656
0.23656
0.23656
0.22581
0.22581
0.21505
0.21505
0.20430
0.19355
0.17204
0.16129
0.16129
0.16129
0.15054
0.13978
0.13978
0.13978
0.12903
0.11828
0.10753
0.10753
0.10753
0.10753
0.10753
0.09677
0.09677
0.09677
0.08602
0.08602
0.08602
0.08602
0.08602
0.08602
0.07527
0.07527
0.07527
0.07527
0.07527
0.07527
0.06452
0.06452
0.06452
0.06452
0.06452
0.05376
0.05376
0.05376
0.05376
0.05376
0.05376
0.05376
0.04301
0.04301
0.04301
0.04301
0.04301
0.04301
0.04301
0.04301
0.04301
0.04301
0.04301
0.04301
0.04301
0.04301
0.04301
0.04301
0.04301
0.04301
0.04301
0.03226
0.03226
0.03226
0.03226
0.03226
0.03226
0.03226
0.03226
0.03226
0.03226
0.03226
0.03226
0.03226
0.03226
0.03226
0.03226
0.03226
0.03226
0.03226
0.03226
0.03226
0.03226
0.03226
0.03226
0.03226
0.03226
0.03226
0.03226
0.03226
0.03226
0.03226
0.03226
0.03226
0.03226
0.02151
0.02151
0.02151
0.02151
0.02151
0.02151
0.02151
0.02151
0.02151
0.02151
0.02151
0.02151
0.02151
0.02151
0.02151
0.02151
0.02151
0.02151
0.02151
0.02151
0.02151
0.01075
0.01075
0.01075
0.01075
0.01075
0.01075
0.01075
0.01075
0.27586
0.26724
0.25862
0.25000
0.23707
0.18534
0.17241
0.16379
0.16379
0.15948
0.14655
0.14655
0.14224
0.14224
0.13362
0.12931
0.12500
0.12069
0.12069
0.11638
0.11207
0.10776
0.09914
0.08621
0.08190
0.08190
0.08190
0.07759
0.07759
0.07759
0.07328
0.06897
0.06897
0.06897
0.06897
0.06897
0.06466
0.06466
0.06466
0.06466
0.06034
0.06034
0.06034
0.05603
0.05603
0.05603
0.05603
0.05603
0.05603
0.05603
0.05172
0.05172
0.05172
0.05172
0.05172
0.05172
0.05172
0.05172
0.05172
0.05172
0.05172
0.05172
0.04741
0.04741
0.04741
0.04741
0.04741
0.04741
0.04310
0.04310
0.04310
0.04310
0.04310
0.04310
0.04310
0.04310
0.04310
0.03879
0.03879
0.03879
0.03879
0.03879
0.03879
0.03879
0.03879
0.03879
0.03879
0.03879
0.03879
0.03879
0.03448
0.03448
0.03448
0.03448
0.03448
0.03448
0.03448
0.03448
0.03448
0.03448
0.03448
0.03448
0.03448
0.03448
0.03017
0.03017
0.03017
0.03017
0.03017
0.03017
0.03017
0.03017
0.03017
0.03017
0.03017
0.03017
0.03017
0.03017
0.03017
0.03017
0.02586
0.02586
0.02586
0.02586
0.02586
0.02586
0.02586
0.02586
0.02586
0.02586
0.02586
0.02586
0.02586
0.02155
0.01724
0.01724
0.01724
0.01724
0.01724
0.01724
0.01724
0.01724
0.01724
0.01293
0.01293
0.01293
0.01293
0.01293
0.00862
0.00862
0.00862
0.00431
0.00431
0.11503
0.10575
0.08720
0.08256
0.07050
0.07050
0.06586
0.05844
0.05844
0.05844
0.05288
0.05288
0.04360
0.04082
0.04082
0.03989
0.03896
0.03525
0.03525
0.03432
0.03247
0.02968
0.02876
0.02876
0.02783
0.02783
0.02690
0.02505
0.02505
0.02505
0.02412
0.02412
0.02319
0.02319
0.02319
0.02226
0.02226
0.02134
0.02041
0.02041
0.01855
0.01763
0.01299
0.00928
0.00186
0.36522
0.33043
0.30870
0.26087
0.22174
0.21739
0.19565
0.18696
0.18261
0.18261
0.17826
0.17391
0.15217
0.14783
0.14348
0.13913
0.13478
0.13043
0.13043
0.12609
0.12174
0.12174
0.11739
0.11739
0.10000
0.09565
0.08261
0.07826
0.07826
0.07391
0.06957
0.06522
0.06522
0.06522
0.06522
0.06087
0.06087
0.06087
0.06087
0.06087
0.05652
0.05652
0.05652
0.05652
0.05652
0.05652
0.05652
0.05652
0.05652
0.05652
0.05217
0.05217
0.05217
0.05217
0.05217
0.05217
0.05217
0.05217
0.04783
0.04783
0.04783
0.04348
0.04348
0.04348
0.04348
0.04348
0.04348
0.04348
0.04348
0.04348
0.04348
0.04348
0.04348
0.03913
0.03913
0.03913
0.03913
0.03913
0.03913
0.03913
0.03913
0.03913
0.03913
0.03913
0.03913
0.03913
0.03478
0.03478
0.03478
0.03478
0.03478
0.03478
0.03478
0.03478
0.03478
0.03478
0.03478
0.03043
0.03043
0.03043
0.03043
0.03043
0.03043
0.03043
0.03043
0.03043
0.03043
0.02609
0.02609
0.02609
0.02609
0.02609
0.02609
0.02609
0.02609
0.02609
0.02609
0.02174
0.02174
0.02174
0.02174
0.02174
0.02174
0.02174
0.02174
0.01739
0.01739
0.01739
0.01739
0.01739
0.01739
0.01739
0.01304
0.01304
0.01304
0.01304
0.00870
0.00870
0.00870
0.00435
0.00435
0.00435
0.24049
0.20431
0.20216
0.18726
0.17816
0.17179
0.16778
0.16477
0.16312
0.15861
0.14872
0.14707
0.13984
0.13153
0.12723
0.11999
0.09943
0.09600
0.09041
0.08955
0.08948
0.08718
0.08138
0.08088
0.07844
0.07744
0.07629
0.07264
0.07221
0.06935
0.06741
0.06734
0.06612
0.06476
0.06455
0.05967
0.05187
0.05122
0.05036
0.04936
0.04886
0.04836
0.04757
0.04742
0.04649
0.04628
0.04513
0.04499
0.04442
0.04356
0.04334
0.04148
0.04040
0.04019
0.03911
0.03883
0.03868
0.03761
0.03725
0.03496
0.03474
0.03453
0.03353
0.03346
0.03346
0.03295
0.03260
0.03238
0.03224
0.03166
0.03123
0.03116
0.03109
0.03095
0.03073
0.03073
0.03009
0.03009
0.02980
0.02980
0.02909
0.02873
0.02808
0.02744
0.02737
0.02715
0.02708
0.02629
0.02615
0.02586
0.02536
0.02529
0.02529
0.02529
0.02522
0.02464
0.02278
0.02235
0.02185
0.02163
0.02035
0.02013
0.01827
0.01805
0.01791
0.01741
0.01483
0.01397
0.01311
0.00996
0.00960
0.00946
0.23347
0.22072
0.21116
0.21036
0.17769
0.17689
0.17530
0.17450
0.17211
0.15458
0.15219
0.14263
0.13865
0.13386
0.12510
0.12510
0.11713
0.11633
0.11554
0.11474
0.11235
0.11076
0.11076
0.10598
0.10120
0.09721
0.09562
0.09402
0.09323
0.08606
0.08606
0.08207
0.07490
0.07092
0.07092
0.06773
0.06773
0.06773
0.06534
0.06454
0.06375
0.06135
0.05896
0.05896
0.05657
0.05498
0.05418
0.05339
0.05339
0.05259
0.05259
0.05100
0.04940
0.04781
0.04701
0.04622
0.04622
0.04622
0.04542
0.04542
0.04462
0.04462
0.04382
0.04303
0.04303
0.04223
0.04223
0.04223
0.03904
0.03904
0.03825
0.03825
0.03745
0.03665
0.03347
0.03347
0.03347
0.03267
0.03267
0.03267
0.03187
0.03187
0.03187
0.03187
0.03187
0.03108
0.03028
0.03028
0.03028
0.02948
0.02948
0.02869
0.02869
0.02869
0.02789
0.02789
0.02789
0.02709
0.02629
0.02629
0.02550
0.02550
0.02470
0.02390
0.02151
0.02151
0.02072
0.02072
0.01992
0.01992
0.01912
0.01833
0.01673
0.01594
0.01355
0.01116
0.00956
0.00637
0.00637
0.00637
0.00478
0.00319
0.00319
0.00159
0.15574
0.15574
0.14754
0.14754
0.13115
0.13115
0.12295
0.12295
0.11475
0.10656
0.10656
0.09016
0.08197
0.08197
0.07377
0.07377
0.06557
0.06557
0.06557
0.06557
0.05738
0.05738
0.04918
0.04918
0.04098
0.04098
0.04098
0.04098
0.04098
0.04098
0.04098
0.04098
0.04098
0.04098
0.04098
0.04098
0.04098
0.04098
0.04098
0.04098
0.04098
0.04098
0.04098
0.04098
0.03279
0.03279
0.03279
0.03279
0.03279
0.03279
0.03279
0.03279
0.03279
0.03279
0.03279
0.03279
0.03279
0.03279
0.03279
0.03279
0.02459
0.02459
0.02459
0.02459
0.02459
0.02459
0.02459
0.02459
0.02459
0.02459
0.02459
0.02459
0.02459
0.02459
0.02459
0.02459
0.02459
0.02459
0.02459
0.01639
0.01639
0.01639
0.01639
0.01639
0.01639
0.01639
0.01639
0.01639
0.01639
0.01639
0.01639
0.01639
0.01639
0.01639
0.01639
0.00820
0.00820
0.00820
0.00820
0.00820
0.00820
0.00820
0.00820
0.00820
0.00820
0.00820
0.00820
0.00820
0.00820
0.14953
0.14642
0.11838
0.11526
0.10903
0.09969
0.09969
0.08723
0.08411
0.08411
0.07788
0.07165
0.06854
0.06542
0.05919
0.05919
0.05607
0.05296
0.04984
0.04984
0.04673
0.04673
0.04673
0.04361
0.04361
0.04361
0.04361
0.04050
0.04050
0.04050
0.03738
0.03738
0.03738
0.03427
0.03427
0.03427
0.03427
0.03115
0.03115
0.03115
0.03115
0.03115
0.03115
0.03115
0.03115
0.02804
0.02804
0.02804
0.02804
0.02804
0.02804
0.02804
0.02492
0.02492
0.02181
0.02181
0.02181
0.02181
0.02181
0.02181
0.02181
0.01869
0.01869
0.01869
0.01869
0.01558
0.01558
0.01246
0.01246
0.01246
0.01246
0.01246
0.01246
0.01246
0.01246
0.00935
0.00935
0.00935
0.00935
0.00935
0.00623
0.00623
0.00623
0.00623
0.00312
0.00312
0.00312
0.00312
0.00312
0.00312
0.27479
0.26110
0.24247
0.22521
0.22110
0.22027
0.21397
0.21315
0.20630
0.20000
0.18712
0.17781
0.15973
0.15151
0.13233
0.12603
0.10877
0.09836
0.09808
0.09260
0.09178
0.09096
0.08849
0.08740
0.08548
0.08548
0.08411
0.08082
0.08000
0.07973
0.07973
0.07781
0.07562
0.07288
0.07041
0.06685
0.06658
0.06548
0.06329
0.06027
0.05808
0.05699
0.05479
0.05452
0.05397
0.05288
0.05178
0.05178
0.05178
0.04959
0.04849
0.04849
0.04822
0.04767
0.04740
0.04740
0.04630
0.04575
0.04493
0.04493
0.04192
0.04192
0.04164
0.04110
0.04082
0.03973
0.03836
0.03808
0.03616
0.03589
0.03589
0.03507
0.03479
0.03479
0.03452
0.03370
0.03370
0.03370
0.03288
0.03233
0.03178
0.03151
0.03123
0.03041
0.03041
0.03014
0.02959
0.02959
0.02959
0.02877
0.02822
0.02795
0.02767
0.02685
0.02685
0.02603
0.02603
0.02603
0.02575
0.02575
0.02548
0.02466
0.02301
0.02164
0.02137
0.02110
0.02110
0.02082
0.01918
0.01753
0.01534
0.01370
0.01205
0.01205
0.01096
0.01041
0.00959
0.00932
0.00904
0.00795
0.00521
0.00411
0.00356
0.28814
0.23729
0.22034
0.20339
0.17797
0.16949
0.16949
0.16102
0.15254
0.15254
0.15254
0.14407
0.13559
0.13559
0.12712
0.11864
0.11864
0.11017
0.11017
0.11017
0.11017
0.11017
0.11017
0.11017
0.11017
0.10169
0.10169
0.10169
0.10169
0.09322
0.09322
0.09322
0.08475
0.08475
0.08475
0.08475
0.07627
0.07627
0.07627
0.07627
0.07627
0.06780
0.06780
0.06780
0.05932
0.05932
0.05932
0.05932
0.05932
0.05932
0.05932
0.05932
0.05932
0.05932
0.05932
0.05932
0.05932
0.05932
0.05932
0.05932
0.05932
0.05932
0.05932
0.05932
0.05085
0.05085
0.05085
0.05085
0.05085
0.05085
0.05085
0.05085
0.05085
0.05085
0.05085
0.05085
0.05085
0.05085
0.05085
0.05085
0.05085
0.05085
0.04237
0.04237
0.04237
0.04237
0.04237
0.04237
0.04237
0.04237
0.04237
0.04237
0.04237
0.04237
0.04237
0.04237
0.04237
0.04237
0.04237
0.04237
0.04237
0.04237
0.04237
0.04237
0.04237
0.04237
0.03390
0.03390
0.03390
0.03390
0.03390
0.03390
0.03390
0.03390
0.03390
0.03390
0.03390
0.03390
0.03390
0.03390
0.03390
0.03390
0.03390
0.03390
0.03390
0.03390
0.03390
0.03390
0.03390
0.03390
0.03390
0.03390
0.03390
0.03390
0.03390
0.03390
0.03390
0.02542
0.02542
0.02542
0.02542
0.02542
0.02542
0.02542
0.02542
0.02542
0.02542
0.02542
0.02542
0.02542
0.01695
0.01695
0.01695
0.01695
0.01695
0.01695
0.01695
0.01695
0.01695
0.01695
0.00847
0.00847
0.00847
0.00847
0.00847
0.00847
0.00847
0.00847
0.00847
0.00847
0.00847
0.00847
0.00847
0.38333
0.31667
0.31667
0.30000
0.28333
0.28333
0.25000
0.23333
0.23333
0.21667
0.21667
0.21667
0.18333
0.18333
0.15000
0.15000
0.13333
0.13333
0.13333
0.13333
0.11667
0.11667
0.11667
0.10000
0.10000
0.10000
0.10000
0.10000
0.10000
0.10000
0.10000
0.08333
0.08333
0.08333
0.08333
0.08333
0.08333
0.08333
0.06667
0.06667
0.06667
0.06667
0.06667
0.06667
0.06667
0.06667
0.06667
0.06667
0.06667
0.06667
0.05000
0.05000
0.05000
0.05000
0.05000
0.05000
0.05000
0.05000
0.05000
0.05000
0.05000
0.05000
0.05000
0.05000
0.05000
0.03333
0.03333
0.03333
0.03333
0.03333
0.03333
0.03333
0.03333
0.03333
0.03333
0.03333
0.03333
0.03333
0.01667
0.01667
0.01667
0.01667
0.01667
0.01667
0.01667
0.34021
0.29381
0.27320
0.27320
0.26804
0.25258
0.23711
0.19588
0.19072
0.19072
0.18041
0.18041
0.17526
0.17010
0.15979
0.14948
0.14948
0.14948
0.14433
0.14433
0.13918
0.13918
0.13402
0.12887
0.12887
0.12371
0.12371
0.11856
0.11856
0.11340
0.11340
0.10825
0.10825
0.09278
0.09278
0.08763
0.08247
0.08247
0.07732
0.07216
0.07216
0.07216
0.07216
0.06701
0.06701
0.06701
0.05670
0.05155
0.05155
0.05155
0.04639
0.04639
0.04639
0.04639
0.04639
0.04639
0.04639
0.04124
0.04124
0.04124
0.04124
0.04124
0.04124
0.04124
0.04124
0.04124
0.04124
0.04124
0.03608
0.03608
0.03608
0.03608
0.03608
0.03608
0.03608
0.03608
0.03608
0.03608
0.03093
0.03093
0.03093
0.03093
0.03093
0.03093
0.03093
0.03093
0.03093
0.03093
0.03093
0.03093
0.03093
0.03093
0.03093
0.03093
0.03093
0.03093
0.03093
0.02577
0.02577
0.02577
0.02577
0.02577
0.02577
0.02577
0.02577
0.02577
0.02577
0.02577
0.02577
0.02577
0.02062
0.02062
0.02062
0.02062
0.02062
0.02062
0.02062
0.02062
0.02062
0.02062
0.02062
0.02062
0.01546
0.01546
0.01546
0.01546
0.01546
0.01031
0.01031
0.01031
0.01031
0.01031
0.01031
0.01031
0.01031
0.01031
0.00515
0.00515
0.00515
0.30588
0.25882
0.24941
0.20000
0.19294
0.18824
0.16706
0.14353
0.14353
0.14353
0.14118
0.13882
0.12941
0.11294
0.10824
0.10824
0.10118
0.10118
0.09647
0.09176
0.09176
0.08706
0.08471
0.08000
0.08000
0.08000
0.07765
0.07765
0.07765
0.07529
0.07294
0.07294
0.07059
0.07059
0.06824
0.06824
0.06824
0.06824
0.06588
0.06353
0.05647
0.05412
0.05412
0.05176
0.05176
0.05176
0.04941
0.04941
0.04941
0.04706
0.04706
0.04706
0.04471
0.04471
0.04471
0.04471
0.04471
0.04471
0.04471
0.04235
0.04235
0.04235
0.04000
0.04000
0.04000
0.04000
0.04000
0.04000
0.04000
0.04000
0.04000
0.04000
0.04000
0.03765
0.03765
0.03765
0.03529
0.03529
0.03529
0.03529
0.03294
0.03294
0.03294
0.03059
0.03059
0.03059
0.03059
0.03059
0.03059
0.02824
0.02824
0.02588
0.02588
0.02353
0.02353
0.02118
0.02118
0.02118
0.02118
0.02118
0.01882
0.01647
0.01647
0.01647
0.01647
0.01412
0.01176
0.01176
0.01176
0.00941
0.00706
0.00706
0.00471
0.00235
0.39098
0.35338
0.27068
0.24812
0.23308
0.22556
0.21805
0.21805
0.21053
0.20301
0.19549
0.19549
0.17293
0.16541
0.15038
0.15038
0.14286
0.14286
0.13534
0.12782
0.12030
0.12030
0.11278
0.11278
0.10526
0.10526
0.09774
0.09774
0.09023
0.09023
0.09023
0.09023
0.09023
0.09023
0.08271
0.07519
0.07519
0.07519
0.06767
0.06767
0.06767
0.06767
0.06767
0.06015
0.06015
0.06015
0.06015
0.06015
0.06015
0.06015
0.05263
0.05263
0.05263
0.05263
0.05263
0.05263
0.05263
0.05263
0.05263
0.05263
0.04511
0.04511
0.04511
0.04511
0.04511
0.04511
0.04511
0.04511
0.04511
0.04511
0.04511
0.04511
0.04511
0.04511
0.04511
0.03759
0.03759
0.03759
0.03759
0.03759
0.03759
0.03759
0.03759
0.03759
0.03759
0.03759
0.03759
0.03759
0.03759
0.03759
0.03759
0.03759
0.03759
0.03759
0.03008
0.03008
0.03008
0.03008
0.03008
0.03008
0.03008
0.03008
0.03008
0.03008
0.03008
0.03008
0.03008
0.03008
0.03008
0.03008
0.03008
0.03008
0.03008
0.03008
0.03008
0.03008
0.03008
0.03008
0.03008
0.03008
0.03008
0.03008
0.03008
0.02256
0.02256
0.02256
0.02256
0.02256
0.02256
0.02256
0.02256
0.02256
0.02256
0.02256
0.02256
0.02256
0.02256
0.02256
0.01504
0.01504
0.01504
0.01504
0.01504
0.01504
0.01504
0.01504
0.01504
0.01504
0.00752
0.00752
0.00752
0.00752
0.22047
0.19825
0.19357
0.18772
0.18655
0.17836
0.16550
0.13977
0.13860
0.13743
0.12807
0.12515
0.11637
0.11404
0.11287
0.10585
0.10526
0.09708
0.09006
0.08947
0.08889
0.08772
0.08772
0.08655
0.08187
0.08070
0.07895
0.07778
0.07661
0.07310
0.07251
0.07193
0.07018
0.06901
0.06667
0.06550
0.06023
0.06023
0.05848
0.05789
0.05789
0.05673
0.05673
0.05497
0.05439
0.05439
0.05263
0.05263
0.05205
0.05088
0.05029
0.04971
0.04971
0.04854
0.04795
0.04737
0.04737
0.04737
0.04678
0.04620
0.04620
0.04620
0.04620
0.04561
0.04503
0.04386
0.04327
0.04269
0.04211
0.04211
0.04152
0.04094
0.04035
0.04035
0.03918
0.03918
0.03918
0.03743
0.03684
0.03567
0.03567
0.03509
0.03392
0.03392
0.03333
0.03333
0.03158
0.03158
0.03099
0.03099
0.03099
0.03041
0.02982
0.02924
0.02865
0.02865
0.02807
0.02807
0.02807
0.02749
0.02632
0.02515
0.02515
0.02515
0.02398
0.02281
0.02105
0.01930
0.01813
0.01696
0.01520
0.01345
0.01345
0.01170
0.01170
0.01053
0.00994
0.00819
0.28070
0.23977
0.20760
0.19591
0.19298
0.16374
0.15789
0.14912
0.14327
0.13743
0.12573
0.12573
0.12573
0.12573
0.11988
0.11988
0.11988
0.10819
0.10526
0.10526
0.10234
0.09942
0.09357
0.08772
0.08480
0.08187
0.07895
0.07602
0.07602
0.07310
0.07018
0.06725
0.06433
0.06433
0.06433
0.06140
0.05848
0.05848
0.05848
0.05556
0.05556
0.05556
0.05556
0.04678
0.04678
0.04678
0.04678
0.04386
0.04094
0.04094
0.04094
0.04094
0.04094
0.03801
0.03509
0.03509
0.03216
0.03216
0.03216
0.03216
0.03216
0.03216
0.03216
0.02924
0.02924
0.02924
0.02924
0.02632
0.02632
0.02632
0.02632
0.02632
0.02632
0.02339
0.02339
0.02339
0.02339
0.02047
0.02047
0.02047
0.02047
0.01754
0.01754
0.01754
0.01754
0.01462
0.01462
0.01462
0.01462
0.01462
0.01462
0.01462
0.01170
0.01170
0.01170
0.01170
0.00877
0.00877
0.00877
0.00585
0.00585
0.00292
0.35948
0.32026
0.30719
0.30065
0.26797
0.24183
0.24183
0.23529
0.22876
0.22876
0.19608
0.18954
0.18301
0.17647
0.17647
0.15686
0.14379
0.14379
0.13725
0.13072
0.13072
0.12418
0.11765
0.11765
0.11765
0.11111
0.11111
0.11111
0.10458
0.09804
0.09804
0.09804
0.09804
0.09804
0.09150
0.09150
0.08497
0.08497
0.08497
0.08497
0.08497
0.08497
0.08497
0.08497
0.07843
0.07843
0.07190
0.07190
0.07190
0.07190
0.06536
0.06536
0.06536
0.06536
0.06536
0.06536
0.05882
0.05882
0.05882
0.05882
0.05882
0.05882
0.05229
0.05229
0.05229
0.05229
0.05229
0.04575
0.04575
0.04575
0.04575
0.04575
0.04575
0.04575
0.04575
0.04575
0.04575
0.04575
0.04575
0.04575
0.04575
0.04575
0.04575
0.03922
0.03922
0.03922
0.03922
0.03922
0.03922
0.03922
0.03922
0.03922
0.03922
0.03922
0.03922
0.03922
0.03922
0.03922
0.03922
0.03922
0.03268
0.03268
0.03268
0.03268
0.03268
0.03268
0.03268
0.03268
0.03268
0.03268
0.03268
0.03268
0.03268
0.03268
0.03268
0.03268
0.03268
0.03268
0.03268
0.03268
0.03268
0.03268
0.03268
0.02614
0.02614
0.02614
0.02614
0.01961
0.01961
0.01961
0.01961
0.01307
0.01307
0.01307
0.01307
0.01307
0.01307
0.00654
0.00654
0.22500
0.21250
0.20000
0.20000
0.18750
0.17500
0.17500
0.17500
0.16250
0.13750
0.12500
0.11250
0.11250
0.11250
0.11250
0.11250
0.11250
0.11250
0.10000
0.10000
0.10000
0.08750
0.08750
0.08750
0.08750
0.08750
0.07500
0.07500
0.07500
0.07500
0.07500
0.07500
0.07500
0.07500
0.07500
0.07500
0.07500
0.07500
0.07500
0.06250
0.06250
0.06250
0.06250
0.06250
0.06250
0.06250
0.06250
0.06250
0.06250
0.05000
0.05000
0.05000
0.05000
0.05000
0.05000
0.05000
0.05000
0.05000
0.05000
0.05000
0.05000
0.05000
0.05000
0.05000
0.05000
0.03750
0.03750
0.03750
0.03750
0.03750
0.03750
0.03750
0.03750
0.03750
0.03750
0.03750
0.03750
0.03750
0.03750
0.03750
0.03750
0.03750
0.03750
0.03750
0.03750
0.03750
0.03750
0.03750
0.03750
0.03750
0.03750
0.03750
0.03750
0.03750
0.03750
0.03750
0.03750
0.03750
0.03750
0.03750
0.03750
0.03750
0.03750
0.03750
0.03750
0.03750
0.03750
0.03750
0.03750
0.03750
0.03750
0.03750
0.03750
0.03750
0.03750
0.03750
0.03750
0.03750
0.03750
0.03750
0.03750
0.03750
0.03750
0.03750
0.03750
0.03750
0.03750
0.03750
0.03750
0.03750
0.03750
0.02500
0.02500
0.02500
0.02500
0.02500
0.02500
0.02500
0.02500
0.02500
0.02500
0.02500
0.02500
0.02500
0.02500
0.02500
0.02500
0.02500
0.02500
0.02500
0.02500
0.02500
0.02500
0.02500
0.02500
0.02500
0.02500
0.02500
0.02500
0.02500
0.02500
0.01250
0.01250
0.01250
0.01250
0.01250
0.01250
0.01250
0.01250
0.01250
0.01250
0.01250
0.01250
0.01250
0.01250
0.01250
0.01250
0.01250
0.01250
0.01250
0.01250
0.01250
0.01250
0.01250
0.01250
0.24468
0.20901
0.20583
0.18789
0.18146
0.17570
0.17053
0.16839
0.16662
0.16241
0.15177
0.14897
0.14188
0.13486
0.12954
0.12149
0.10126
0.09771
0.09165
0.09158
0.09114
0.08929
0.08338
0.08183
0.07969
0.07740
0.07622
0.07452
0.07386
0.07112
0.06950
0.06773
0.06706
0.06625
0.06588
0.06130
0.05295
0.05251
0.05111
0.05000
0.04963
0.04948
0.04882
0.04874
0.04712
0.04668
0.04609
0.04579
0.04527
0.04483
0.04439
0.04232
0.04114
0.04055
0.03996
0.03973
0.03959
0.03877
0.03811
0.03774
0.03552
0.03530
0.03464
0.03442
0.03412
0.03390
0.03375
0.03360
0.03287
0.03279
0.03242
0.03205
0.03191
0.03168
0.03154
0.03131
0.03102
0.03058
0.03043
0.02999
0.02999
0.02984
0.02932
0.02895
0.02792
0.02777
0.02755
0.02666
0.02622
0.02614
0.02600
0.02592
0.02585
0.02563
0.02563
0.02467
0.02356
0.02334
0.02297
0.02253
0.02245
0.02201
0.02090
0.02061
0.01965
0.01839
0.01839
0.01832
0.01787
0.01595
0.01529
0.01425
0.01337
0.01292
0.00997
0.00960
0.17480
0.13638
0.12294
0.10411
0.10373
0.09835
0.07568
0.07530
0.07146
0.06838
0.06761
0.06300
0.05839
0.05263
0.04917
0.04879
0.04841
0.04648
0.04648
0.04648
0.04533
0.04418
0.04226
0.04226
0.04111
0.04111
0.04072
0.03688
0.03534
0.03496
0.03419
0.03419
0.03265
0.03265
0.03265
0.03227
0.03189
0.03112
0.03073
0.02958
0.02958
0.02920
0.02881
0.02843
0.02766
0.02728
0.02728
0.02689
0.02612
0.02574
0.02536
0.02267
0.02267
0.01998
0.01998
0.01767
0.01690
0.01652
0.01268
0.01268
0.01153
0.01037
0.01037
0.00960
0.00845
0.00807
0.00807
0.00615
0.00231
0.31008
0.30233
0.28682
0.27132
0.26357
0.25581
0.24031
0.23256
0.21705
0.19380
0.19380
0.16279
0.15504
0.15504
0.14729
0.14729
0.14729
0.14729
0.13953
0.13178
0.13178
0.13178
0.12403
0.12403
0.12403
0.12403
0.12403
0.12403
0.11628
0.11628
0.11628
0.11628
0.11628
0.11628
0.11628
0.11628
0.10078
0.10078
0.10078
0.10078
0.10078
0.09302
0.09302
0.09302
0.09302
0.09302
0.08527
0.08527
0.08527
0.08527
0.08527
0.08527
0.08527
0.08527
0.08527
0.07752
0.07752
0.07752
0.07752
0.07752
0.07752
0.07752
0.06977
0.06977
0.06977
0.06977
0.06977
0.06977
0.06977
0.06977
0.06977
0.06977
0.06977
0.06202
0.06202
0.06202
0.06202
0.06202
0.06202
0.06202
0.06202
0.06202
0.06202
0.06202
0.06202
0.05426
0.05426
0.05426
0.05426
0.05426
0.05426
0.05426
0.05426
0.05426
0.05426
0.05426
0.05426
0.05426
0.05426
0.05426
0.05426
0.04651
0.04651
0.04651
0.04651
0.04651
0.04651
0.04651
0.04651
0.04651
0.04651
0.04651
0.04651
0.04651
0.04651
0.04651
0.04651
0.04651
0.04651
0.04651
0.04651
0.04651
0.03876
0.03876
0.03876
0.03876
0.03876
0.03876
0.03876
0.03876
0.03876
0.03876
0.03876
0.03876
0.03876
0.03876
0.03876
0.03876
0.03876
0.03876
0.03876
0.03876
0.03876
0.03876
0.03876
0.03876
0.03876
0.03876
0.03876
0.03876
0.03876
0.03876
0.03876
0.03876
0.03876
0.03876
0.03876
0.03876
0.03876
0.03876
0.03876
0.03101
0.03101
0.03101
0.03101
0.03101
0.03101
0.03101
0.03101
0.03101
0.03101
0.03101
0.03101
0.03101
0.03101
0.03101
0.03101
0.03101
0.03101
0.03101
0.03101
0.03101
0.03101
0.03101
0.03101
0.03101
0.03101
0.03101
0.03101
0.03101
0.03101
0.03101
0.03101
0.03101
0.03101
0.03101
0.03101
0.03101
0.03101
0.03101
0.03101
0.03101
0.03101
0.03101
0.03101
0.02326
0.02326
0.02326
0.02326
0.02326
0.02326
0.02326
0.02326
0.02326
0.01550
0.01550
0.01550
0.01550
0.01550
0.00775
0.00775
0.00775
0.00775
0.00775
0.00775
0.24382
0.23689
0.23046
0.22997
0.21563
0.20030
0.19535
0.14985
0.14491
0.13650
0.13205
0.12265
0.12018
0.11771
0.11672
0.11177
0.11029
0.10386
0.10287
0.10138
0.09990
0.08704
0.08259
0.08061
0.08012
0.07962
0.07913
0.07814
0.07122
0.06775
0.06627
0.06528
0.06479
0.06479
0.06429
0.06133
0.06034
0.05935
0.05836
0.05341
0.04995
0.04946
0.04797
0.04748
0.04748
0.04649
0.04599
0.04451
0.04402
0.04253
0.04253
0.04253
0.04105
0.04006
0.03956
0.03858
0.03808
0.03759
0.03709
0.03709
0.03660
0.03610
0.03561
0.03511
0.03462
0.03412
0.03363
0.03363
0.03363
0.03314
0.03314
0.03264
0.03264
0.03215
0.03215
0.03215
0.03165
0.03165
0.03165
0.03165
0.03066
0.03017
0.03017
0.02967
0.02720
0.02720
0.02473
0.02374
0.02275
0.02275
0.02275
0.02226
0.02028
0.01879
0.01879
0.01879
0.01682
0.01632
0.01583
0.01583
0.01533
0.01484
0.01286
0.01236
0.01187
0.01088
0.00940
0.00940
0.00791
0.00692
0.00593
0.00495
0.00495
0.00445
0.24609
0.24054
0.23248
0.23147
0.21785
0.20121
0.19667
0.14977
0.14624
0.13565
0.13414
0.12456
0.12204
0.11901
0.11548
0.11246
0.10893
0.10489
0.10439
0.10086
0.10086
0.08775
0.08270
0.08119
0.08018
0.08018
0.07867
0.07766
0.07211
0.06858
0.06707
0.06606
0.06455
0.06455
0.06304
0.06253
0.06152
0.05900
0.05900
0.05345
0.05043
0.04992
0.04841
0.04791
0.04740
0.04690
0.04690
0.04539
0.04488
0.04286
0.04286
0.04286
0.04186
0.04034
0.03984
0.03933
0.03833
0.03782
0.03782
0.03732
0.03681
0.03580
0.03530
0.03480
0.03429
0.03429
0.03429
0.03379
0.03328
0.03328
0.03328
0.03278
0.03227
0.03227
0.03227
0.03227
0.03227
0.03177
0.03177
0.03177
0.03026
0.03026
0.03026
0.02723
0.02723
0.02572
0.02521
0.02421
0.02320
0.02269
0.02219
0.02168
0.02068
0.01916
0.01916
0.01866
0.01664
0.01664
0.01614
0.01614
0.01513
0.01513
0.01311
0.01261
0.01160
0.01109
0.00958
0.00908
0.00807
0.00706
0.00605
0.00555
0.00504
0.00454
0.00403
0.23392
0.15789
0.15205
0.15205
0.14620
0.14035
0.14035
0.12281
0.10526
0.09357
0.08772
0.08187
0.08187
0.08187
0.07018
0.07018
0.06433
0.05848
0.05848
0.05263
0.05263
0.05263
0.05263
0.05263
0.04678
0.04678
0.04678
0.04678
0.04678
0.04678
0.04678
0.04678
0.04678
0.04094
0.04094
0.04094
0.04094
0.04094
0.04094
0.03509
0.03509
0.03509
0.03509
0.03509
0.03509
0.03509
0.02924
0.02924
0.02924
0.02924
0.02924
0.02924
0.02924
0.02924
0.02924
0.02924
0.02339
0.02339
0.02339
0.02339
0.02339
0.01754
0.01754
0.01754
0.01754
0.01754
0.01754
0.01754
0.01754
0.01754
0.01754
0.01170
0.01170
0.01170
0.01170
0.00585
0.24000
0.18667
0.17333
0.16000
0.14667
0.13333
0.13333
0.12000
0.12000
0.12000
0.10667
0.10667
0.09333
0.09333
0.09333
0.09333
0.08000
0.08000
0.08000
0.08000
0.08000
0.08000
0.08000
0.08000
0.06667
0.06667
0.06667
0.06667
0.06667
0.06667
0.06667
0.06667
0.06667
0.06667
0.06667
0.06667
0.06667
0.06667
0.06667
0.06667
0.06667
0.06667
0.06667
0.06667
0.05333
0.05333
0.05333
0.05333
0.05333
0.05333
0.05333
0.05333
0.05333
0.05333
0.05333
0.05333
0.05333
0.05333
0.05333
0.04000
0.04000
0.04000
0.04000
0.04000
0.04000
0.04000
0.04000
0.04000
0.04000
0.04000
0.04000
0.04000
0.04000
0.04000
0.04000
0.04000
0.04000
0.04000
0.04000
0.04000
0.04000
0.04000
0.04000
0.04000
0.04000
0.04000
0.04000
0.04000
0.02667
0.02667
0.02667
0.02667
0.02667
0.02667
0.02667
0.02667
0.02667
0.02667
0.02667
0.02667
0.02667
0.02667
0.02667
0.02667
0.01333
0.01333
0.01333
0.01333
0.01333
0.01333
0.01333
0.01333
0.01333
0.21982
0.19725
0.18548
0.18351
0.17959
0.16781
0.15996
0.13641
0.12561
0.12512
0.12512
0.12463
0.11678
0.10795
0.10550
0.10353
0.09863
0.09519
0.09078
0.08489
0.08391
0.08391
0.08243
0.08047
0.07998
0.07900
0.07802
0.07556
0.07556
0.07458
0.07164
0.06820
0.06722
0.06673
0.06232
0.06183
0.05937
0.05790
0.05594
0.05545
0.05496
0.05496
0.05447
0.05447
0.05348
0.05201
0.05152
0.05152
0.05103
0.05005
0.04760
0.04711
0.04711
0.04711
0.04661
0.04563
0.04563
0.04416
0.04416
0.04367
0.04318
0.04318
0.04269
0.04171
0.04122
0.04122
0.04073
0.04073
0.03974
0.03925
0.03925
0.03778
0.03778
0.03778
0.03729
0.03680
0.03631
0.03631
0.03582
0.03582
0.03533
0.03533
0.03386
0.03337
0.03238
0.03140
0.03091
0.03091
0.03042
0.03042
0.02944
0.02895
0.02895
0.02895
0.02846
0.02797
0.02748
0.02699
0.02699
0.02699
0.02601
0.02601
0.02601
0.02502
0.02453
0.02355
0.02355
0.02208
0.02061
0.01963
0.01766
0.01717
0.01325
0.01227
0.01227
0.01178
0.01129
0.00834
0.00834
0.36712
0.33425
0.32603
0.31233
0.29041
0.26027
0.25479
0.25479
0.23014
0.22466
0.21370
0.20548
0.20000
0.19726
0.19178
0.19178
0.16986
0.16712
0.16438
0.16164
0.15890
0.15068
0.14521
0.14521
0.13973
0.13151
0.13151
0.12877
0.11781
0.11781
0.11781
0.11507
0.11233
0.10685
0.10685
0.10685
0.10411
0.10411
0.10411
0.10137
0.09863
0.09863
0.09863
0.09315
0.09315
0.09041
0.09041
0.09041
0.08767
0.08493
0.08493
0.08219
0.08219
0.07945
0.07671
0.07397
0.07123
0.07123
0.07123
0.07123
0.07123
0.06849
0.06849
0.06575
0.06575
0.06301
0.06301
0.06301
0.06301
0.06027
0.06027
0.05753
0.05753
0.05753
0.05753
0.05753
0.05753
0.05479
0.05479
0.05479
0.05479
0.05479
0.05479
0.05205
0.05205
0.05205
0.04932
0.04932
0.04658
0.04658
0.04658
0.04658
0.04658
0.04384
0.04384
0.04384
0.04384
0.04384
0.04384
0.04110
0.04110
0.04110
0.04110
0.04110
0.03836
0.03836
0.03836
0.03836
0.03836
0.03836
0.03836
0.03562
0.03562
0.03562
0.03562
0.03562
0.03562
0.03562
0.03288
0.03288
0.03288
0.03288
0.03288
0.03288
0.03014
0.03014
0.03014
0.03014
0.03014
0.03014
0.03014
0.03014
0.03014
0.03014
0.03014
0.03014
0.02740
0.02740
0.02740
0.02740
0.02466
0.02466
0.02466
0.02192
0.02192
0.02192
0.01918
0.01918
0.01918
0.01644
0.01644
0.01370
0.01370
0.00822
0.00822
0.00548
0.00548
0.00548
0.00274
0.00274
0.23767
0.19500
0.17734
0.16041
0.15085
0.14937
0.14937
0.14202
0.13907
0.12583
0.12288
0.11921
0.11626
0.11185
0.11038
0.10964
0.10890
0.09492
0.09492
0.08683
0.08315
0.08241
0.07873
0.07579
0.07506
0.07432
0.07358
0.07285
0.07064
0.06328
0.06034
0.05960
0.05960
0.05813
0.05740
0.05740
0.05666
0.05592
0.05519
0.05519
0.05519
0.05372
0.05298
0.05224
0.05151
0.05077
0.05004
0.05004
0.04709
0.04562
0.04562
0.04489
0.04489
0.04341
0.04194
0.03974
0.03974
0.03679
0.03679
0.03679
0.03679
0.03606
0.03532
0.03532
0.03458
0.03458
0.03458
0.03385
0.03385
0.03311
0.03164
0.03164
0.03091
0.03091
0.03017
0.03017
0.02870
0.02796
0.02723
0.02723
0.02649
0.02575
0.02575
0.02502
0.02502
0.02355
0.02281
0.02208
0.01913
0.01913
0.01840
0.01692
0.01692
0.01619
0.01619
0.01472
0.01030
0.00957
0.00883
0.00883
0.00883
0.00515
0.17470
0.16867
0.16265
0.15060
0.15060
0.14458
0.13253
0.13253
0.13253
0.10843
0.10843
0.10241
0.10241
0.10241
0.09639
0.09036
0.08434
0.08434
0.07831
0.07831
0.07831
0.07831
0.07229
0.07229
0.07229
0.07229
0.06627
0.06627
0.06627
0.06627
0.06024
0.06024
0.06024
0.06024
0.06024
0.06024
0.05422
0.05422
0.05422
0.05422
0.05422
0.04819
0.04819
0.04819
0.04819
0.04819
0.04819
0.04819
0.04819
0.04217
0.04217
0.04217
0.04217
0.04217
0.04217
0.04217
0.04217
0.04217
0.03614
0.03614
0.03614
0.03614
0.03614
0.03614
0.03614
0.03614
0.03614
0.03614
0.03614
0.03614
0.03614
0.03012
0.03012
0.03012
0.03012
0.03012
0.03012
0.03012
0.03012
0.03012
0.03012
0.03012
0.03012
0.03012
0.03012
0.03012
0.03012
0.03012
0.03012
0.03012
0.02410
0.02410
0.02410
0.02410
0.02410
0.02410
0.02410
0.01807
0.01807
0.01807
0.01807
0.01807
0.01807
0.01807
0.01807
0.01807
0.01205
0.01205
0.01205
0.01205
0.01205
0.01205
0.01205
0.01205
0.01205
0.01205
0.01205
0.01205
0.01205
0.01205
0.00602
0.00602
0.00602
0.00602
0.00602
0.00602
0.00602
0.00602
0.27129
0.23097
0.20613
0.18581
0.16903
0.14645
0.14452
0.14387
0.14290
0.14097
0.13355
0.12452
0.12065
0.10903
0.10839
0.10677
0.10161
0.09710
0.09226
0.08935
0.08710
0.08677
0.07839
0.07452
0.07000
0.06839
0.06806
0.06484
0.06323
0.06323
0.06194
0.06129
0.06097
0.06032
0.05903
0.05903
0.05871
0.05710
0.05484
0.05419
0.05161
0.05097
0.04871
0.04839
0.04581
0.04516
0.04484
0.04452
0.04419
0.04387
0.04355
0.04355
0.04355
0.04355
0.04323
0.04161
0.04161
0.04129
0.04065
0.04032
0.03903
0.03871
0.03871
0.03839
0.03806
0.03806
0.03742
0.03710
0.03710
0.03677
0.03677
0.03645
0.03484
0.03355
0.03226
0.03161
0.03129
0.03097
0.03097
0.03000
0.03000
0.03000
0.02935
0.02935
0.02903
0.02774
0.02774
0.02774
0.02742
0.02742
0.02710
0.02710
0.02710
0.02677
0.02645
0.02613
0.02548
0.02484
0.02419
0.02387
0.02226
0.02226
0.02226
0.02129
0.02129
0.02065
0.02065
0.02032
0.01968
0.01903
0.01871
0.01613
0.01258
0.01258
0.01226
0.01065
0.00613
0.00581
0.00355
0.34177
0.34177
0.25316
0.24051
0.21519
0.21519
0.21519
0.20253
0.20253
0.18987
0.18987
0.17722
0.15190
0.15190
0.13924
0.13924
0.12658
0.12658
0.12658
0.12658
0.12658
0.12658
0.11392
0.11392
0.11392
0.11392
0.11392
0.10127
0.10127
0.10127
0.10127
0.10127
0.10127
0.08861
0.08861
0.08861
0.08861
0.08861
0.08861
0.08861
0.08861
0.08861
0.08861
0.08861
0.08861
0.08861
0.07595
0.07595
0.07595
0.07595
0.07595
0.07595
0.07595
0.07595
0.07595
0.07595
0.07595
0.07595
0.07595
0.07595
0.07595
0.07595
0.07595
0.06329
0.06329
0.06329
0.06329
0.06329
0.06329
0.06329
0.06329
0.06329
0.06329
0.06329
0.06329
0.06329
0.06329
0.06329
0.06329
0.06329
0.06329
0.06329
0.06329
0.06329
0.05063
0.05063
0.05063
0.05063
0.05063
0.05063
0.05063
0.05063
0.05063
0.05063
0.05063
0.05063
0.05063
0.05063
0.05063
0.05063
0.05063
0.05063
0.05063
0.05063
0.05063
0.05063
0.05063
0.03797
0.03797
0.03797
0.03797
0.03797
0.03797
0.03797
0.03797
0.03797
0.03797
0.03797
0.03797
0.03797
0.03797
0.03797
0.03797
0.03797
0.03797
0.03797
0.03797
0.03797
0.03797
0.03797
0.03797
0.03797
0.03797
0.03797
0.03797
0.03797
0.03797
0.03797
0.03797
0.03797
0.03797
0.03797
0.03797
0.03797
0.03797
0.03797
0.03797
0.03797
0.03797
0.03797
0.03797
0.03797
0.03797
0.03797
0.03797
0.03797
0.03797
0.03797
0.03797
0.02532
0.02532
0.02532
0.02532
0.02532
0.02532
0.02532
0.02532
0.02532
0.02532
0.02532
0.02532
0.02532
0.02532
0.01266
0.01266
0.01266
0.01266
0.01266
0.01266
0.01266
0.01266
0.01266
0.01266
0.01266
0.01266
0.01266
0.01266
0.01266
0.01266
0.01266
0.01266
0.28000
0.26000
0.22000
0.20000
0.18000
0.16000
0.16000
0.16000
0.14000
0.12000
0.12000
0.12000
0.10000
0.10000
0.10000
0.10000
0.10000
0.08000
0.08000
0.08000
0.08000
0.08000
0.08000
0.08000
0.08000
0.08000
0.08000
0.08000
0.08000
0.06000
0.06000
0.06000
0.06000
0.06000
0.06000
0.06000
0.06000
0.06000
0.06000
0.06000
0.06000
0.06000
0.06000
0.06000
0.06000
0.06000
0.06000
0.06000
0.06000
0.06000
0.06000
0.06000
0.06000
0.04000
0.04000
0.04000
0.04000
0.04000
0.04000
0.02000
0.02000
0.02000
0.02000
0.02000
0.02000
0.02000
0.02000
0.02000
0.19774
0.15254
0.14689
0.14124
0.12429
0.11864
0.11864
0.10734
0.10169
0.07910
0.07910
0.07345
0.07345
0.07345
0.06780
0.06215
0.05650
0.05650
0.05650
0.05085
0.05085
0.04520
0.04520
0.04520
0.04520
0.04520
0.03955
0.03955
0.03955
0.03955
0.03955
0.03955
0.03390
0.03390
0.03390
0.03390
0.03390
0.03390
0.03390
0.03390
0.03390
0.03390
0.03390
0.03390
0.02825
0.02825
0.02825
0.02825
0.02825
0.02825
0.02825
0.02825
0.02825
0.02260
0.02260
0.02260
0.02260
0.02260
0.02260
0.02260
0.02260
0.02260
0.01695
0.01695
0.01695
0.01695
0.01695
0.01695
0.01695
0.01130
0.01130
0.01130
0.00565
0.00565
0.00565
0.00565
0.38043
0.31522
0.23913
0.23913
0.22826
0.21739
0.21739
0.21739
0.20652
0.19565
0.19565
0.18478
0.18478
0.17391
0.16304
0.16304
0.15217
0.14130
0.14130
0.14130
0.13043
0.13043
0.13043
0.13043
0.13043
0.13043
0.11957
0.11957
0.11957
0.11957
0.11957
0.10870
0.09783
0.09783
0.09783
0.09783
0.08696
0.08696
0.08696
0.08696
0.08696
0.07609
0.07609
0.07609
0.07609
0.07609
0.07609
0.07609
0.07609
0.06522
0.06522
0.06522
0.06522
0.06522
0.06522
0.06522
0.06522
0.06522
0.06522
0.06522
0.06522
0.05435
0.05435
0.05435
0.05435
0.05435
0.05435
0.05435
0.05435
0.05435
0.05435
0.05435
0.05435
0.05435
0.05435
0.05435
0.04348
0.04348
0.04348
0.04348
0.04348
0.04348
0.04348
0.04348
0.04348
0.04348
0.04348
0.04348
0.04348
0.04348
0.04348
0.04348
0.04348
0.04348
0.04348
0.04348
0.04348
0.04348
0.04348
0.04348
0.04348
0.04348
0.04348
0.04348
0.04348
0.03261
0.03261
0.03261
0.03261
0.03261
0.03261
0.03261
0.03261
0.03261
0.03261
0.03261
0.03261
0.03261
0.03261
0.03261
0.03261
0.03261
0.03261
0.03261
0.03261
0.03261
0.03261
0.03261
0.03261
0.03261
0.03261
0.03261
0.03261
0.03261
0.03261
0.03261
0.03261
0.03261
0.03261
0.03261
0.02174
0.02174
0.02174
0.02174
0.02174
0.02174
0.02174
0.02174
0.02174
0.02174
0.02174
0.02174
0.02174
0.02174
0.02174
0.02174
0.02174
0.02174
0.02174
0.02174
0.02174
0.02174
0.02174
0.02174
0.02174
0.02174
0.02174
0.02174
0.02174
0.01087
0.01087
0.01087
0.01087
0.01087
0.01087
0.01087
0.01087
0.01087
0.01087
0.01087
0.01087
0.01087
0.01087
0.28983
0.22610
0.20334
0.18665
0.17906
0.17906
0.17602
0.16540
0.15326
0.14719
0.14416
0.13657
0.13202
0.13202
0.13050
0.13050
0.12747
0.12291
0.11533
0.11229
0.10926
0.10470
0.10167
0.10015
0.09560
0.09408
0.09408
0.08953
0.08649
0.08498
0.08194
0.08042
0.07436
0.07436
0.07436
0.07284
0.07132
0.06980
0.06980
0.06980
0.06677
0.06525
0.06373
0.06222
0.06222
0.06070
0.05766
0.05766
0.05766
0.05615
0.05463
0.05463
0.05311
0.05311
0.05008
0.05008
0.05008
0.04856
0.04856
0.04704
0.04704
0.04552
0.04552
0.04552
0.04552
0.04401
0.04249
0.04249
0.04249
0.04097
0.03945
0.03945
0.03945
0.03945
0.03945
0.03794
0.03794
0.03794
0.03794
0.03642
0.03642
0.03490
0.03490
0.03338
0.03338
0.03338
0.03187
0.03187
0.03187
0.03187
0.03187
0.03035
0.03035
0.03035
0.03035
0.03035
0.03035
0.03035
0.03035
0.02883
0.02883
0.02883
0.02883
0.02883
0.02883
0.02883
0.02731
0.02731
0.02731
0.02731
0.02428
0.02428
0.02276
0.02124
0.02124
0.02124
0.01821
0.01821
0.01821
0.01669
0.01669
0.01669
0.01517
0.01366
0.01366
0.01214
0.00607
0.00152
0.41250
0.28750
0.27500
0.25000
0.23750
0.23750
0.23750
0.21250
0.20000
0.20000
0.20000
0.18750
0.18750
0.17500
0.17500
0.16250
0.16250
0.16250
0.16250
0.15000
0.15000
0.15000
0.15000
0.15000
0.15000
0.13750
0.13750
0.13750
0.13750
0.12500
0.12500
0.11250
0.11250
0.11250
0.11250
0.10000
0.10000
0.08750
0.08750
0.08750
0.08750
0.08750
0.08750
0.08750
0.08750
0.08750
0.07500
0.07500
0.07500
0.07500
0.07500
0.07500
0.07500
0.07500
0.07500
0.07500
0.07500
0.07500
0.07500
0.07500
0.07500
0.06250
0.06250
0.06250
0.06250
0.06250
0.06250
0.06250
0.06250
0.06250
0.06250
0.06250
0.05000
0.05000
0.05000
0.05000
0.05000
0.05000
0.05000
0.05000
0.05000
0.05000
0.05000
0.05000
0.05000
0.05000
0.05000
0.05000
0.05000
0.05000
0.05000
0.05000
0.05000
0.05000
0.05000
0.05000
0.05000
0.05000
0.05000
0.05000
0.05000
0.05000
0.03750
0.03750
0.03750
0.03750
0.03750
0.03750
0.03750
0.03750
0.03750
0.03750
0.03750
0.03750
0.03750
0.03750
0.03750
0.03750
0.03750
0.03750
0.03750
0.03750
0.03750
0.03750
0.03750
0.03750
0.03750
0.03750
0.03750
0.03750
0.03750
0.02500
0.02500
0.02500
0.02500
0.02500
0.02500
0.02500
0.02500
0.02500
0.02500
0.02500
0.02500
0.02500
0.02500
0.02500
0.02500
0.02500
0.02500
0.02500
0.02500
0.02500
0.02500
0.02500
0.01250
0.01250
0.01250
0.01250
0.01250
0.01250
