node	degree	onemodedegree	closeness	betweenness
adjustment-disorders	139	83	0.00943822662687168	28
affective-disorders-psychotic	125	83	0.0117459432587681	0
affective-symptoms	145	83	0.0132998357672422	10
aggression	172	83	0.0104507327753592	76
alcohol-drinking	97	83	0.0106516627967154	0
alcohol-related-disorders	138	83	0.0130779911343774	0
alcoholism	160	83	0.0159873164216785	292
alzheimer-disease	164	83	0.0131431901144607	80
amnesia	117	83	0.0117529462490822	8
amphetamine-related-disorders	96	83	0.0137379091807933	0
anorexia-nervosa	122	83	0.0102417092728995	46
anxiety-disorders	104	83	0.00997230867065946	0
asperger-syndrome	91	83	0.010754870764958	36
attention-deficit-and-disruptive-behavior-disorders	133	83	0.0141950211570246	13
attention-deficit-disorder-with-hyperactivity	133	83	0.0144079573339697	40
autistic-disorder	115	83	0.00953241635669761	32
behavioral-symptoms	119	83	0.0107805378165709	0
binge-eating-disorder	123	83	0.0131379616660877	146
bipolar-disorder	142	83	0.012097526640826	0
borderline-personality-disorder	64	83	0.00896077003433638	0
child-behavior-disorders	102	83	0.00974185826899551	0
cocaine-related-disorders	167	83	0.0169277139688671	118
cognition-disorders	129	83	0.0108259417698844	0
combat-disorders	112	83	0.0107775812147005	1
communication-disorders	67	83	0.00526304960760658	0
compulsive-behavior	146	83	0.0133106503516284	33
conduct-disorder	106	83	0.00967504781904545	0
consciousness-disorders	99	83	0.0113407945549293	0
conversion-disorder	157	83	0.0113130053038922	96
delirium	134	83	0.0108144807581124	0
dementia	136	83	0.0109097808744959	0
depression	118	83	0.0113567610169928	0
depressive-disorder	118	83	0.0113686844998013	0
developmental-disabilities	102	83	0.0091429286759703	1
disorders-of-excessive-somnolence	169	83	0.0183056241382404	404
disorders-of-sex-development	75	83	0.0069492359491999	7
dissociative-disorders	130	83	0.0117477369962136	42
drinking-behavior	98	83	0.0102614883623481	0
dyssomnias	122	83	0.0134226111533444	0
dysthymic-disorder	126	83	0.0154366141435498	12
eating-disorders	90	83	0.00943893298787651	0
erectile-dysfunction	173	83	0.0145572543898705	369
food-habits	87	83	0.00944792010165221	3
frontotemporal-dementia	180	83	0.0130110358759846	68
frontotemporal-lobar-degeneration	157	83	0.0134177498940478	55
gambling	105	83	0.0128133132683058	49
habits	91	83	0.0101221944293333	0
heroin-dependence	168	83	0.0159198524980446	297
impulse-control-disorders	140	83	0.0152317358402117	141
impulsive-behavior	154	83	0.0135918727807698	0
learning-disorders	46	83	0.00356908746289357	0
marijuana-abuse	143	83	0.0143613396232346	73
mental-disorders	113	83	0.0102787419423199	0
mental-disorders-diagnosed-in-childhood	125	83	0.0114194794899273	78
mental-fatigue	110	83	0.0103126963216871	0
mental-retardation	91	83	0.00542175029551836	4
mood-disorders	124	83	0.0116653197659215	0
neurocirculatory-asthenia	174	83	0.0151796549817452	221
obsessive-behavior	86	83	0.0126709297052929	10
obsessive-compulsive-disorder	140	83	0.0135739956958529	15
opioid-related-disorders	115	83	0.0124648705673294	0
panic-disorder	153	83	0.014757894978457	5
parasomnias	119	83	0.0132469032784504	0
personality-disorders	103	83	0.00977318243300591	0
phobic-disorders	140	83	0.0154356578053169	48
pick-disease-of-the-brain	186	83	0.0126355786898683	59
psychotic-disorders	117	83	0.010600615434841	0
quality-of-life	70	83	0.00523753260238482	0
restless-legs-syndrome	226	83	0.0177098416425076	600
schizophrenia	115	83	0.010394944538742	0
schizophrenia-and-disorders-with-psychotic-features	116	83	0.0104695464337912	0
self-injurious-behavior	77	83	0.00643036587196648	1
sleep-deprivation	114	83	0.0130908746895122	65
sleep-disorders	120	83	0.0130777502108682	0
sleep-initiation-and-maintenance-disorders	161	83	0.0168674722887066	275
smoking	103	83	0.0106225176212576	0
somatoform-disorders	129	83	0.0103348964887241	0
substance-related-disorders	120	83	0.0104592575490955	0
substance-withdrawal-syndrome	192	83	0.0170270635654664	422
suicidal-ideation	69	83	0.00871912873051892	3
suicide	77	83	0.00578547467251565	0
tic-disorders	184	83	0.0163438411689706	232
tobacco-use-disorder	129	83	0.0119323655942093	67
tourette-syndrome	161	83	0.0167554761214161	60
